94 1376 2004 11318 
4387 5121 8514 10917 11725 14879 
9 39 48 301 835 842 1355 2991 3270 3988 4444 13420 
38 39 48 56 773 1196 1585 1931 2015 4299 6176 8489 
39 301 963 2817 6553 
22 32 39 48 865 4485 
32 
39 297 340 405 547 690 809 885 899 1019 1275 1360 1372 2052 2208 2916 3462 3662 4170 4336 4761 10082 10515 11560 11712 11840 12586 13129 
48 101 218 413 464 618 623 677 760 927 940 1023 1075 1603 1871 2013 2963 3218 3317 3467 4786 4908 4974 5257 5771 5782 5919 6303 6814 7294 10719 11491 
38 39 48 170 236 260 730 1693 2817 3342 4105 7472 
32 38 286 
38 48 170 711 815 1121 1439 1537 2290 4076 5624 
36 38 48 170 690 1004 2413 
48 325 401 475 497 552 975 1828 3488 4108 4221 4325 5843 6109 10448 10453 
39 41 48 101 269 551 690 2110 2177 3103 3722 4050 4061 4162 5604 10571 11689 
39 79 2238 4990 5091 12929 
190 384 5884 6391 9105 13328 13335 
505 2432 
32 78 604 3335 5790 
38 39 1542 1590 
32 39 48 53 60 65 237 258 413 604 641 1525 2413 2874 2902 3644 4209 4251 5245 
38 48 49 677 1727 2958 4105 
120 249 4686 
7331 
48 2150 9555 
39 60 255 413 497 1061 1867 2150 4144 4663 7112 
48 3719 12943 
32 48 166 255 407 682 684 1044 1564 2719 3539 3638 4050 4126 4496 
39 301 315 763 874 4195 4454 9555 12503 
39 60 423 604 2793 3411 
38 39 48 286 734 3374 4000 13089 
39 48 65 225 2915 2991 4282 5580 
39 48 150 423 2763 3502 
41 48 60 133 292 395 447 543 704 762 793 956 2644 2855 3125 6300 10687 10885 10992 
18 38 39 41 65 390 745 1027 1172 1230 2075 2145 2238 2769 3840 4067 4123 5061 5830 9049 12372 
32 1344 2843 
48 65 201 390 1146 2090 2154 4451 
1344 2997 6017 8456 9017 9018 
5 9 363 374 408 486 543 704 829 856 1392 2469 3186 3840 
38 48 170 2495 10010 10049 14591 14654 14796 
39 914 
32 13189 
32 39 48 1020 2589 3058 3343 3491 3492 3493 3494 
38 39 78 371 1497 
226 350 1564 3714 4517 6214 13122 
39 41 48 147 208 345 352 500 585 1121 1229 1239 2329 2440 2551 2557 2843 3295 4151 4316 4761 5388 6115 6116 6117 6118 6119 6120 
1 1899 2238 4994 5038 
39 41 426 1008 1352 1462 2546 4357 7895 
39 565 581 15832 
32 48 103 279 1120 1307 1876 2425 3278 5489 11165 15036 
39 48 1966 
39 41 48 79 979 1280 1350 5651 
32 39 48 261 1693 3312 6334 7975 8277 10422 13041 
846 1138 1344 1698 2108 2276 2819 3774 4997 8441 
11 48 89 497 1971 3875 4382 4636 6406 7751 8153 12874 
39 785 2420 2528 2735 4494 6156 7769 10535 10942 12794 
38 39 48 840 2077 13565 
39 48 441 831 1082 1160 1877 2555 3336 4630 4843 5127 8491 10576 12981 13062 14362 
38 39 48 286 2740 2830 3733 
492 980 2967 4294 4556 4595 8596 9859 10542 11336 13087 14098 
14701 
251 856 1017 3765 8371 8372 
101 147 659 736 2363 4007 
39 48 89 169 592 643 1989 2169 2440 3803 4292 6118 7240 7989 9617 9664 10542 10684 
237 1578 4444 7516 
32 39 41 48 855 1056 1198 1668 2764 3400 4239 8481 
39 48 548 1004 1846 2513 3867 4287 4698 5466 5830 9858 10866 
39 185 325 614 833 1052 1929 1972 2062 2495 3214 6655 
39 48 188 346 1146 1451 10653 
48 438 1966 2394 3156 3213 3483 5449 5453 7952 10662 
39 48 2153 2663 10510 10583 10791 
39 48 10106 10122 
39 201 2527 12925 
48 322 909 1761 3012 3424 6090 12951 
41 48 783 1308 
60 373 438 506 674 926 1057 2106 5293 
347 488 581 965 1393 1693 1736 1789 2802 4495 6716 7004 11630 14098 
39 48 1804 2515 3194 5266 12929 13466 
13772 13941 13942 
1672 10721 11590 
2 48 211 334 346 492 1203 2004 2894 3914 4184 4234 5050 5926 7794 7820 
39 41 79 147 176 271 328 675 765 808 885 1004 1025 2051 2325 2596 3006 7943 10483 10491 10571 11808 12869 14573 15345 16155 16217 
41 48 60 555 585 589 703 1183 1333 1698 2269 2343 2815 2987 3663 3664 12059 12101 
32 39 229 258 569 4889 8978 10252 11317 13131 13620 14933 15222 15345 15459 
39 41 48 306 352 1819 1846 1859 3186 3311 6478 
39 248 475 1066 1586 1634 3501 4013 4163 4236 4864 6192 6980 
9 45 62 89 229 243 259 319 413 518 817 1004 1085 1308 1343 1352 1638 2191 2393 2598 3034 3065 3351 3465 4174 4501 4582 4718 12929 12959 
59 80 99 123 147 201 237 310 332 363 571 666 1058 1250 1294 1360 1548 1657 1759 1760 1761 1764 1768 1769 1854 2171 2315 2420 2555 2567 2701 2709 3185 3343 3456 3752 3799 5723 5919 6098 6575 8148 10128 10436 10446 10538 10620 10815 
41 117 225 232 550 652 659 916 976 1290 1327 1874 2988 4226 4439 10594 
39 262 368 396 614 649 794 910 1540 1741 4127 4908 8679 10017 11736 
39 48 2062 
32 1045 2039 
39 48 62 379 560 728 892 2230 2286 2420 2783 2855 2968 3847 5595 8193 13267 
18 32 39 48 83 407 589 1043 3799 4942 5194 5230 5280 5455 5478 5530 5943 8623 
32 39 41 48 979 2238 10487 12100 
39 41 48 49 338 
570 817 846 1397 2449 2596 4263 10791 
32 48 1592 2238 3346 3950 4720 
39 40 185 413 765 879 947 1185 2523 6866 10565 13153 
48 571 2046 4111 4112 4642 11129 
48 694 880 1184 1619 1741 1957 2080 2113 4650 8241 8601 
39 677 4278 
38 39 97 103 117 170 294 828 976 1466 1652 1814 3451 4334 5248 7975 
39 48 95 
38 110 
65 69 82 615 653 910 1004 1556 1562 2208 3349 4521 5124 10454 10804 
48 147 315 382 405 548 610 611 1010 1081 1159 1317 1606 2249 2891 3291 3762 4031 4055 4153 4154 6996 9387 9921 10451 10453 10515 10606 12982 14006 14007 
422 2754 4520 6360 9001 
39 475 10947 12189 13335 
39 41 2238 2284 
39 270 12982 
169 379 550 903 5269 6607 
48 62 107 123 136 147 270 549 1067 3136 3349 3772 4093 10442 10818 12921 13833 
32 48 89 225 2823 3988 4134 6334 7592 9589 10294 10354 
39 48 310 374 924 4362 
32 41 1659 
527 4471 14699 14700 
38 55 5603 
39 48 389 2749 
39 48 123 187 248 279 364 420 422 438 475 571 640 683 703 723 942 1868 1870 3261 3346 3573 3877 4518 4859 5127 6082 6577 10456 10798 12509 13303 
664 2015 3270 5084 7004 
32 38 237 251 310 370 1146 1178 1461 2100 2236 2488 2519 3459 3468 3869 4581 4677 5543 7636 9555 9798 
39 41 48 297 426 485 544 1120 1646 3476 
32 48 440 621 649 1361 1417 1640 1693 1841 2383 2554 2673 2792 3007 3553 4285 7214 11337 12462 13041 
32 39 423 5589 
38 396 790 3904 
1698 2524 6274 
39 48 254 730 2184 10119 12159 12160 
38 39 41 48 76 170 310 939 1003 1198 4216 7743 
36 39 41 117 549 561 742 976 1282 2168 2313 2364 2651 4740 5453 5490 6485 6840 8374 9823 
39 48 167 683 698 903 979 1814 3047 3349 3535 4698 4744 5661 11609 12308 12469 
647 769 
36 39 41 
39 48 65 475 3051 
39 41 846 10456 
32 39 89 309 424 1189 1269 1464 1994 2030 3844 3931 4393 4607 5728 9953 10366 
761 1174 1291 3037 3038 3039 3040 3041 
32 41 152 185 259 586 805 1158 1196 2156 
41 111 189 193 201 677 710 849 927 1549 1677 1765 1772 2138 2721 2856 3065 3364 3373 4213 4698 5856 6288 6293 7378 
12 39 48 279 340 346 425 533 552 851 878 1113 1286 1455 1587 1937 2536 2626 2673 3021 3055 4407 4448 4994 5215 5571 6447 7068 9083 9625 10073 13190 15127 
39 48 246 2561 3733 4307 
60 65 77 317 517 907 968 978 985 1126 1444 1644 1881 1890 1936 1982 2135 2153 2617 2846 2987 3193 4141 4811 7934 
36 38 39 48 170 11749 
32 39 41 48 444 1693 1715 1966 2147 2573 2694 3371 4111 4636 
32 39 41 48 201 402 407 475 522 570 646 703 720 766 1198 1265 1286 1393 1430 1629 1765 1859 1962 2014 2017 2053 2259 2528 2532 2802 2872 2930 3404 3411 4156 4389 5116 5344 5720 6587 
39 41 1362 4901 
32 39 48 
38 39 48 89 281 534 2523 2624 5767 12020 
36 38 6670 13189 
32 39 107 314 1880 2026 3053 
3407 4234 9569 
9 31 95 133 662 922 1214 1295 2167 5465 9320 10132 10420 10954 
39 48 101 243 255 271 2306 2746 3178 3299 11615 11840 14099 14244 
39 41 64 197 425 464 612 704 865 982 1056 1073 1275 1288 1435 1585 2002 2069 2113 2369 2715 2907 3062 3873 4201 4209 4502 4714 4763 5138 7941 9527 10446 10807 11636 12308 13068 14791 
179 1425 3635 10978 
30 39 89 2004 3460 
45 48 164 165 167 271 424 682 698 4548 12929 
39 809 1095 2048 4962 10966 12925 12951 
39 2117 5544 8990 
39 48 476 2413 3148 3966 4155 4489 4490 
32 39 41 368 943 1057 1594 2033 2091 2191 2525 2749 2793 2813 2892 2915 3046 3279 4230 7507 8802 
39 41 48 77 176 197 438 570 576 730 1081 3476 3609 5346 8873 10504 
39 76 438 1784 9631 13291 
38 39 170 976 1146 1578 2402 2471 3322 11840 12139 
18 392 430 543 1018 1277 1288 1451 2546 3401 4767 6531 9644 11602 12041 12591 
39 41 48 267 9501 
32 470 589 671 1425 2346 5051 8416 11794 11963 12951 12983 
39 75 1139 6744 
50 189 572 2080 2199 2844 4008 4097 5248 6431 8075 
39 48 272 502 1004 1635 2973 4975 6299 7166 
41 48 191 1209 3935 
18 23 117 261 386 413 418 547 552 604 669 675 760 939 1020 1139 1355 1719 1814 1966 2245 2814 2998 3323 3760 4170 4630 5128 5150 5160 5256 7554 10551 10573 
32 48 271 14006 
39 48 193 264 860 2281 
38 286 
501 
5375 5721 6046 
9 38 39 41 48 67 68 170 237 310 583 639 643 718 730 805 905 927 966 979 1000 1015 1043 1135 1652 1814 1864 1896 2031 2117 2188 2441 2528 2760 2776 3330 3688 3690 4813 6517 7129 11456 14098 15832 
39 56 79 6857 
5 301 1183 1579 2747 3052 3375 3404 5502 6076 7010 7197 7448 9758 
39 225 340 865 2515 3458 3676 9669 10967 
48 237 314 490 587 830 926 1012 1159 1933 2363 3431 3836 3858 4037 4269 4524 5835 6276 7869 10510 10804 13016 13019 
147 566 649 805 1976 2729 3769 4134 4294 4342 6325 12512 13309 14142 
1191 5887 
289 2376 7426 
38 39 48 89 170 677 1600 2623 2854 2874 3272 3505 3551 12192 
39 161 438 475 791 836 1889 2955 3688 9931 14617 
36 38 39 155 272 363 675 763 830 1327 1393 1435 2343 2363 2364 3062 3319 5052 5178 6585 8025 8382 9066 10669 13341 13586 13590 
38 39 41 48 89 170 314 855 1160 6579 
38 39 78 281 555 978 3872 7712 
32 39 1313 13557 
48 639 1209 3867 4307 
271 1704 2170 12925 
39 2894 3157 16430 16431 
39 48 338 1029 1788 1833 1986 3304 6919 7176 
13 39 225 
38 39 47 175 592 840 842 1355 2080 
1052 2746 4198 
32 12933 
2 10 38 48 55 758 4093 6420 13413 
48 1715 1886 3074 3411 4002 4345 
35 39 48 464 704 1004 1296 1822 2318 2351 3160 3172 4896 5051 10188 14040 14056 14065 
39 48 765 1000 1250 1513 2118 2449 4386 4897 5405 
39 1562 4843 
11 36 37 38 39 42 45 48 1146 1713 2669 4221 4930 10541 
32 39 1588 1833 2239 5215 7795 
31 39 413 592 
48 745 793 1848 1993 2265 11477 12925 15577 15599 
94 412 1215 2988 3074 5328 6421 8836 
39 41 905 1053 1093 1227 1251 1497 2326 3838 10741 11564 12473 
39 
351 389 865 2559 4516 5078 10515 12959 13524 13563 
79 127 168 270 358 1787 2897 3693 3735 12795 12946 
104 1360 
32 48 2383 2892 4822 6406 10442 12242 
39 48 1536 11747 13141 13174 
36 38 39 41 48 1090 2212 4278 
39 41 49 156 310 808 1043 1318 1352 1379 1826 2152 2960 3121 3561 6614 7050 10515 13300 15601 16155 
32 39 41 48 204 380 386 402 522 1455 2103 2191 4214 6194 10283 10420 10525 
7594 15854 15887 
1886 3675 7873 15623 
32 48 2351 
39 1180 1960 2191 
38 39 48 110 580 2543 12982 
65 101 103 261 279 338 413 529 604 673 916 1404 1613 1946 2310 4540 5152 5178 6148 10427 
32 39 48 413 1642 2051 2853 2861 2940 4209 4502 4685 4931 8886 11237 
286 10170 
39 41 48 80 92 117 168 285 329 396 606 750 855 893 932 976 1052 1417 1642 1744 1859 1986 2958 4886 6665 7030 7219 
82 200 255 274 533 1145 1216 1480 1513 1759 1785 3536 3768 4863 5786 9669 
39 1990 2350 13334 
31 32 41 225 229 264 274 320 347 412 548 566 610 704 924 1023 1239 1435 1901 2254 3157 3799 6128 7590 9010 9011 10451 10770 13615 15077 15791 15832 
38 39 110 170 
39 48 78 89 123 237 1144 3315 3343 7177 
4913 7910 8978 
48 526 1249 2399 2815 
32 39 48 169 413 907 2958 4070 6226 12999 
3313 
48 67 334 664 801 1938 2476 3976 10515 10551 14099 
1497 3175 3371 4215 5036 7594 7912 9446 14444 
32 38 39 41 48 229 281 887 1157 1179 1356 2118 2782 3588 5250 7701 8075 8141 
39 48 270 271 423 1004 1965 2822 
48 79 4050 
39 48 94 312 553 1123 1901 2760 2797 2965 3915 5104 6880 9540 14216 14933 
1395 1504 1829 2720 5323 
10 39 334 379 740 1239 1763 10283 
39 363 1481 1594 4312 4557 4771 6532 10551 11555 12278 14325 
39 2594 4171 4227 4544 
39 752 3006 14347 
39 
39 3160 
48 1158 2004 
39 48 589 619 620 1062 2186 2470 8528 
39 41 147 2429 6939 
48 4119 4171 4720 
39 982 2629 3333 12929 
36 38 48 55 281 379 2409 3884 4994 5504 6866 
12 39 48 824 3440 
235 475 1277 1311 1587 2602 4642 5169 6751 6961 8435 9986 11841 12959 15456 15667 15848 
31 32 48 49 649 695 956 1308 1693 3075 3623 4216 4336 4843 
133 3573 4245 
39 48 207 812 1523 2532 2597 2728 2830 3174 10420 
48 599 1783 2843 5921 
39 220 4401 4532 10485 12931 12943 15690 
39 48 3458 
23 39 48 62 225 242 604 880 1228 1578 2375 2390 4669 4959 11076 13734 
48 88 275 293 1001 2236 2810 3209 12929 13041 
48 301 479 660 1595 2051 2360 2464 11122 13024 13420 
41 65 511 643 963 4316 5169 10491 12925 15217 15578 
39 48 147 161 259 399 623 727 1308 1653 2893 5127 5924 10568 11338 13458 15582 
39 48 225 4024 4897 4913 6847 7663 
39 274 
39 475 
36 38 39 48 148 2919 3188 4446 6735 9589 11737 13565 
38 39 40 105 270 2486 4642 13189 
37 38 48 475 14046 
39 45 48 262 413 913 1124 1488 5020 10109 12981 
976 4661 
39 1334 1556 2058 2059 2060 2061 
32 38 39 48 150 371 552 1120 2614 3499 3756 4067 4386 5514 5805 9243 9541 
15 35 39 48 117 165 785 1257 1341 1600 4141 6396 
32 39 48 52 79 274 413 441 580 692 803 809 904 916 1014 1046 1060 1103 1105 1570 1616 1884 1991 2046 2083 2199 2398 2627 2776 2783 2815 2991 3133 3134 3538 3690 3719 4127 4364 4764 4934 5020 5071 5700 5788 6502 6585 6866 7262 8508 8592 8914 9621 9669 10647 10939 10967 11477 12680 12874 12889 12929 13056 14912 14913 14954 15119 
48 6956 
12309 
89 660 1192 2209 2210 2211 
39 48 107 969 1067 1610 2325 2611 2830 2879 3261 4052 4240 4650 6516 
41 48 248 388 6746 10420 10525 
66 78 82 123 163 204 664 1435 1537 2056 2515 2607 4790 4879 4883 5478 5953 6162 8553 9560 10490 10573 10980 11073 13465 13778 14347 15816 15871 
41 48 1638 4026 4386 5328 5391 13603 13616 
37 38 39 695 1763 2080 6751 7263 13008 
39 310 538 1483 1611 1814 2164 2405 4372 6828 7594 8044 8891 10237 10439 11614 12943 
39 191 384 13334 
32 48 89 166 677 682 683 698 911 1273 1564 3079 3782 4070 4466 4630 13332 
39 48 1393 1905 4123 4800 12929 14024 14067 14267 
38 237 286 
32 39 48 2056 10444 11531 14098 15484 15981 16010 16011 16013 16022 
107 610 1817 
65 615 1834 3260 4873 6068 9893 13061 15764 
1959 4278 6927 
36 38 1570 16430 16431 
843 7514 10873 13056 16217 
48 197 199 200 407 467 805 2051 2799 4488 4786 6266 6683 9001 9059 
5 39 339 350 418 426 576 589 1456 1460 1461 2208 3006 3270 3590 3775 5113 7240 7664 8014 9501 9649 
12 38 39 41 48 179 265 458 464 488 494 548 589 592 599 611 734 790 798 824 1062 1172 2151 2496 2775 3002 3265 3533 4751 6338 6808 7082 
39 48 1709 2809 
39 48 264 279 389 783 
41 48 323 677 837 2831 2949 3466 3940 4017 4982 5510 5611 7495 9183 10464 
32 39 80 798 2987 3853 6879 
6747 
13 39 41 48 232 258 7271 8825 11191 11439 
32 48 270 271 887 2238 
39 1595 2052 
38 39 41 48 107 108 120 170 185 261 272 400 611 830 915 1001 1067 1116 1611 3477 4402 4632 5051 5074 5156 5423 11032 11756 
141 824 990 1260 1658 1991 2119 2437 2726 8029 10943 12925 
38 55 16010 16011 
32 39 520 
39 41 48 1541 8978 
38 39 41 370 407 1158 
32 39 41 48 267 441 832 1486 1783 2168 2838 3462 4009 
39 48 186 1336 1527 2030 5403 11012 
976 2384 4351 14777 
39 334 532 1081 1547 
19 38 39 48 75 95 110 258 261 264 370 649 783 828 1196 1619 3000 3005 4726 8884 10939 
39 48 166 803 1454 2664 4360 5731 7463 
39 41 48 60 213 310 589 659 1964 2192 8730 
39 41 48 147 389 1361 1435 4207 6644 
39 48 52 147 225 229 407 426 442 1448 1498 1980 2000 2573 2830 2953 3840 4389 7318 7707 9823 12952 
38 39 788 1569 1831 4176 
39 788 
30 32 39 48 89 128 237 310 440 570 643 805 1736 3034 3316 3607 4237 8030 8618 10425 10498 12112 12267 13335 
32 36 38 453 5998 
48 610 1254 6575 
39 270 271 1146 1344 3616 
39 11301 
32 38 371 1013 1415 15618 
32 38 39 170 442 643 769 1250 3158 3208 3314 
39 41 117 150 592 976 1281 1372 1796 2630 3000 6593 9606 12925 14099 
48 136 251 267 308 610 1939 2626 2708 2879 4606 6176 9906 
38 39 41 48 123 170 218 266 418 1677 1697 5108 9304 9555 
522 1616 
32 38 39 200 232 251 340 408 418 432 500 550 599 677 766 978 1196 1198 1517 1665 2074 2276 2329 2810 3005 3405 5039 7447 7568 8837 9169 
38 39 48 55 79 251 420 612 677 2501 2958 3314 5711 9605 9724 10461 10574 13334 15466 
131 13613 
161 249 589 1043 1715 1741 1858 
39 7441 
38 39 41 370 1327 
39 45 
32 38 39 41 48 78 94 117 147 170 248 282 403 623 876 1090 1113 1570 2987 3252 3312 3410 4178 5269 5917 6961 7554 9059 9602 
39 48 432 1277 
259 301 1774 2335 3623 7560 7975 
39 225 2238 4883 
269 458 752 1196 3410 5785 
12 39 1004 1942 2115 2199 3973 5855 6386 7050 
38 39 48 211 390 3501 4165 5289 5338 
101 107 229 415 475 479 548 911 924 966 976 1001 2240 2241 2626 2629 2877 3895 4070 4563 5074 5271 5421 5559 9510 10283 10493 13106 14098 
48 475 549 1336 3493 7427 
32 39 48 52 171 1312 3354 4177 4731 4790 5237 6536 8375 9203 10576 11087 12751 13024 14098 15119 15471 
19 269 16430 16431 
39 48 2865 
48 101 418 447 703 808 1027 1172 1939 2164 2988 4161 5405 8230 10515 11425 11469 11747 12847 
19 39 48 78 837 931 1494 1735 2493 2779 3063 3947 7027 7794 8314 8891 9231 10236 10439 11614 13189 13557 14014 
36 38 39 48 94 233 237 255 285 319 320 674 729 730 764 1015 1103 1281 1318 2241 2408 2879 3759 3964 4332 4832 6190 7205 7646 7923 9501 9750 9859 10017 10259 10476 10491 10510 12503 12946 12952 12961 
48 4896 
32 39 48 82 237 258 320 334 374 413 519 540 675 783 827 833 966 1239 1387 1435 1987 2214 2506 2890 2988 3127 3286 3632 3783 3813 4141 4753 4815 4886 4911 5117 5352 5895 6475 6495 7174 7266 7481 7960 8492 8748 9352 9493 9717 10533 10796 10932 11237 11276 11660 12010 12946 13831 
32 39 404 2783 3633 10424 10425 10798 11067 11516 
37 38 39 48 55 549 607 764 1285 3132 4343 9118 
38 39 41 94 110 237 249 981 1372 1692 2269 3662 3663 3664 4371 
9 39 48 53 581 711 913 1616 3130 3849 6767 15832 
98 2720 3635 4218 
38 39 170 12951 
39 48 164 166 167 684 767 994 1994 2241 4185 4548 6034 7208 9150 10487 11027 11732 14065 14102 
12951 13307 14120 
39 8099 8258 12935 
39 65 101 155 270 475 740 1361 1395 1562 1564 1714 1857 2141 2573 2713 2865 3782 5152 6602 7004 9617 13334 13443 14596 15406 15450 
39 41 48 310 533 691 727 1178 2538 3662 4202 6242 6832 14406 
38 39 41 110 350 438 1840 2203 3198 
18 41 193 280 486 677 938 4213 5466 7708 
39 48 271 1355 2238 2991 5728 7585 
39 48 405 588 1066 1837 2177 2958 6529 12935 
32 39 43 48 497 1600 1821 2742 3596 4389 6931 8092 11857 
48 64 229 274 3089 4880 5767 
38 39 170 2777 5825 
32 38 39 48 49 159 340 371 591 653 751 856 1355 1416 1587 1590 1736 1998 2210 2566 2958 3019 3034 3787 4180 5013 5869 6343 7214 10232 11657 12847 13680 14473 15009 15015 15101 15139 
9 15 38 39 41 48 65 110 244 264 270 413 426 475 622 623 708 794 798 827 956 1101 1144 1232 1294 1426 1615 2135 2171 2238 2350 3219 3840 3855 4157 4362 5048 5244 5728 5729 5917 7396 8978 12925 15988 16010 
156 204 544 4595 10490 
32 2991 4472 13224 13695 
32 
9 38 41 48 65 147 615 767 857 1439 1557 1700 2119 3005 4990 9555 
32 48 1678 2012 2399 2675 
48 62 85 156 179 397 415 420 901 1096 1121 1294 1302 2118 2215 2240 2430 2464 2577 3371 4070 4142 4143 4251 5293 5408 7124 9501 10501 10561 10562 13290 
24 32 48 442 601 758 767 1233 1472 1714 1769 1821 1859 1938 2004 3270 3784 3884 4422 4550 4791 5441 5460 5997 6183 6638 6916 7651 7943 
39 117 379 976 1185 1315 1625 1837 2550 9082 12217 
32 48 787 8978 
48 861 1739 2278 
3379 10486 
39 225 766 2056 16010 
39 48 101 205 225 740 2399 4277 6737 9333 
48 60 704 1678 2286 2834 2968 4594 7429 
39 438 806 11434 14098 
18 32 36 38 39 41 60 94 161 170 229 349 597 801 981 1024 1121 1179 1327 1372 1796 2374 2557 2633 2694 2990 3074 3308 3462 3693 3966 4001 4002 
48 7425 8068 11630 16178 16430 16431 
32 39 41 48 89 164 165 166 167 195 755 1030 1994 2215 2553 3014 3047 4502 8303 
32 39 179 548 1018 3660 14754 15057 
39 48 584 845 854 865 930 1180 1435 1783 1909 4813 6034 9724 13002 13234 15231 
5628 5954 
1445 2512 6052 13601 13615 13616 
10910 
48 64 204 1486 1594 2202 2495 5153 5569 10515 
39 331 1745 4720 5787 7182 10536 10684 
39 
39 14347 
39 48 255 310 1020 4524 
38 110 4779 
48 262 424 788 919 1004 1593 2015 2084 2119 2569 2962 4360 4889 
9 32 39 41 48 53 65 189 237 258 535 753 757 783 987 997 1372 1763 1990 2000 2257 2351 2447 2626 2768 3330 3487 4310 4838 5426 5519 5520 5522 5534 6191 6411 6828 7313 8534 
38 39 41 60 65 371 544 1311 1828 1872 2240 2764 3370 8452 
41 48 92 103 739 773 2749 
39 41 48 78 79 203 1146 
12 36 38 39 41 48 89 110 260 475 718 812 15618 
39 48 746 929 3321 6224 15033 
32 589 
39 41 48 258 259 425 435 533 730 770 1394 1444 1538 3756 4113 4994 7674 8492 10553 
39 48 237 251 399 405 502 506 522 640 677 1246 1562 2103 2623 2898 3035 3070 4297 4412 5074 12959 14777 15139 
103 2386 
39 43 48 65 209 225 249 968 2425 4460 9150 10540 10818 12630 12997 14098 
39 41 2769 5481 5505 7316 
39 48 204 310 444 910 956 974 989 1612 1812 3012 6117 16430 16431 
39 1513 
39 41 48 446 1239 10420 
32 39 48 213 310 441 541 567 1052 1104 1661 2065 2177 2469 11491 11732 
32 41 48 219 750 2388 2958 3616 4100 5967 6120 6267 6755 9520 10551 10926 11210 11211 
11 32 39 189 489 571 783 789 2040 3420 3966 4140 4614 4842 6150 
39 48 491 932 1327 4698 
48 596 1588 1804 4535 
749 1829 4205 5366 5590 6904 
1327 1393 1650 2168 2313 3300 4636 8884 
39 48 911 1016 3175 6563 9901 
38 39 110 1479 
375 1371 13603 13616 
38 39 41 48 76 110 225 285 297 401 492 521 576 618 734 863 1135 1179 1311 1444 2238 2305 2420 2523 2728 3265 3292 3512 4207 4273 4538 4548 4744 7689 9038 10419 10446 10783 11032 12473 
39 82 10965 12732 15988 16010 16011 16044 
38 170 13174 
48 279 762 2325 2976 11598 
39 48 363 441 615 734 809 824 885 1736 2622 2839 3539 5630 9527 10491 10508 
15 38 39 48 147 170 337 968 1016 1523 1725 1791 2051 2625 2873 3319 3609 4027 4816 4922 4946 9718 12007 14006 16010 
32 101 344 938 1807 4559 10571 12938 13203 15311 
11 18 32 39 48 365 553 792 1342 1870 2054 2797 3260 3346 5350 5979 6173 6766 
48 879 1946 
9 38 39 41 48 170 269 454 762 1100 1333 3202 9494 10542 11303 
32 1469 10647 13543 
77 301 966 1417 1772 2345 2965 3307 6118 11871 13524 15681 
39 48 269 740 3297 3312 4146 5546 12773 
2046 
32 39 48 150 475 481 740 2184 2966 4595 4859 5784 11493 13184 
17 32 39 48 71 101 287 649 916 985 990 1101 3323 5874 
41 95 243 284 367 438 589 704 1071 1113 1336 2286 3186 3472 12036 16156 16430 16431 
39 48 8816 15392 15755 16278 16344 16345 
48 346 772 855 1003 1096 1146 2719 2775 3616 3628 4556 4759 7284 10555 
38 41 110 639 1530 1838 2064 16022 
39 41 48 271 420 808 16217 
39 242 2097 4026 7187 
9 32 39 41 48 62 189 791 1355 2191 2692 4610 
48 2792 
32 39 41 48 175 441 885 2072 2166 3085 3131 3679 6878 9843 11608 13041 14099 15060 
38 48 110 438 
727 740 1543 1741 1874 
38 110 4913 7205 8010 8730 10510 
38 39 110 16010 16011 
41 48 206 232 248 259 278 279 310 398 421 426 652 760 791 793 831 927 1291 1738 1855 1959 2394 2846 2966 2988 3476 3546 3808 5902 10653 10681 10731 10817 12657 16010 
39 4483 4976 5797 6896 
242 249 606 681 5987 
39 48 150 549 785 831 1016 2515 3270 3314 11502 11630 11747 
32 39 48 718 1043 1081 2949 3213 5953 8559 10835 11113 12935 14213 
39 48 89 
103 389 1925 7671 8985 
39 48 941 2481 9649 10568 
48 
39 65 652 1562 3272 5257 15564 
36 38 39 274 979 1489 2881 6547 7963 
39 48 101 163 203 206 222 308 309 310 397 413 533 572 650 656 830 1080 1128 1144 1158 1244 1269 1378 1379 1380 1815 2046 2049 2168 2241 2321 2569 2919 4057 4982 5273 5902 6267 6317 6462 6874 6980 7108 7975 10804 10911 11276 
30 39 4186 10725 
39 48 141 251 569 715 1239 1851 3855 6354 10446 13273 
39 48 51 78 179 310 548 813 1004 5510 7027 11151 12951 
39 2046 2524 2987 13190 
38 39 170 287 1126 2238 2951 3668 3730 6405 10978 
118 475 956 1513 5408 
39 41 48 60 1817 6242 7735 
255 
37 38 49 220 529 764 1039 1382 2176 
48 1393 
38 39 41 48 51 110 267 491 874 
32 39 41 48 76 341 427 560 1884 2118 2276 2420 5215 6432 10804 11542 12507 12666 
94 798 1013 3826 
32 39 1704 2238 14005 14038 
41 464 581 691 1354 2350 3313 
32 39 185 413 535 1951 2369 2485 2673 3415 10651 15144 15444 
18 19 39 237 350 424 475 522 536 571 711 813 943 981 1077 1341 1363 1426 1788 1796 1804 1805 1877 2130 2132 2639 3074 3279 3593 3664 3774 3848 3978 4080 4131 4431 4515 
39 48 49 78 301 475 652 1814 3877 4009 4060 6082 10513 10900 12677 
39 40 48 475 
10 32 82 147 225 261 374 664 754 772 827 1101 1129 1693 2115 2436 2502 2876 3000 3520 3756 5531 5818 6224 10202 10454 10581 10674 10924 11011 12517 12946 12963 12981 12997 13160 13189 13320 13571 14601 14602 14603 
48 475 1253 4358 
32 48 89 310 587 623 1003 1046 3451 10484 10491 12925 13322 14098 16010 16011 
38 286 3904 
39 48 89 522 622 1085 1929 1994 2562 2623 3157 3361 4209 5369 10441 10653 12685 13423 13706 
38 41 237 275 2805 
39 41 48 198 325 650 677 768 803 1773 2477 3416 
39 48 2420 
2 39 48 65 78 79 89 101 228 271 310 334 411 543 581 583 649 708 731 873 916 1012 1023 1244 1355 1603 2056 2061 2118 2122 2238 2830 2834 4650 4685 5018 5427 5915 14055 14058 14099 14117 
39 237 334 550 7220 13051 
39 41 48 267 398 491 3270 12951 
39 48 382 411 1987 2164 2177 3294 3315 6432 
39 1233 2006 3121 
11 39 65 197 703 1077 3932 7341 8036 12921 
39 270 4013 
48 186 338 916 963 4295 14058 
23 38 39 48 117 179 345 408 438 550 612 783 976 1013 1277 1763 1821 2440 2455 2955 3521 3904 4409 6656 9333 10444 10535 11560 
39 310 488 592 833 1704 
48 60 1103 5124 13900 
48 89 117 185 413 1113 2228 2819 5356 6317 6833 8343 10128 10611 10850 10851 
39 48 60 79 127 319 1713 2428 9501 10259 10354 13207 13208 
32 38 39 41 48 170 409 454 1496 1895 2118 2983 3596 4863 4864 6526 6999 7276 10542 
15 38 39 41 48 170 1153 1899 1989 2607 3021 3054 5049 
32 210 592 14960 
39 
39 48 65 225 652 4886 
195 664 812 824 848 1315 1425 2273 3502 3857 4760 6046 12959 
37 38 39 1327 2879 
39 48 117 3323 
39 48 79 136 167 664 674 682 683 1308 1517 2140 2440 2596 2599 2891 4227 4424 5948 6672 9235 12935 13150 13345 
39 2768 8251 14374 
39 809 2492 4731 5949 
39 48 71 420 1696 3331 7987 
39 48 153 413 8211 10308 14099 15699 
39 533 2399 2402 5358 
201 282 677 993 1182 1298 1755 1772 1903 1931 2495 6509 7071 7603 8029 8777 10859 12800 
41 48 565 581 3361 4077 4336 4897 7975 9683 10568 13032 14616 15832 
48 10447 
32 41 48 76 259 382 765 911 1048 1050 1053 1062 1280 1282 1291 1333 1342 1361 2184 2456 3299 3316 3354 3591 3799 4640 6179 7592 8068 8218 9155 9209 9527 10319 10510 13069 16156 16217 
41 48 66 108 131 155 548 622 693 727 1052 1096 1654 1876 2186 2236 2263 2351 2515 2649 2707 2873 2874 3793 4416 4842 4852 5011 6150 6543 10696 11499 11936 12677 
41 48 49 250 1578 2251 3001 3608 4817 5571 6244 
32 83 1161 6162 
32 824 1071 4693 6602 12925 
39 41 48 365 1146 1938 3411 3778 4120 4485 6906 
48 179 258 475 486 649 653 1007 1061 1402 1404 1562 1588 1616 1656 1824 2187 2191 3399 3501 3502 4024 4304 4780 6582 8074 8320 11048 12917 
48 3517 
1209 2819 12943 
270 533 15459 
39 390 497 504 1146 1316 2723 3804 5082 5086 7744 7975 8235 9061 
36 38 39 41 14251 15786 
32 39 48 79 265 280 837 1538 1938 3317 4952 11477 12328 13004 13581 13656 
45 48 334 2633 2703 8956 10490 
39 48 310 1308 1327 2225 3859 7217 9509 
32 39 41 203 854 1082 1319 1991 2337 3858 4945 5048 6430 7003 7104 
32 48 675 1161 1659 5569 5871 
37 38 56 251 308 1230 1272 1273 4073 6128 13017 
39 76 161 225 242 334 1210 13128 
32 225 1987 2135 8155 10184 
209 668 2152 3573 3659 4584 9316 10019 15524 
9 39 43 60 195 260 308 309 604 813 1080 1269 1342 1379 1380 2167 2793 5487 6155 6161 10717 10718 
9 48 407 449 604 826 1513 2348 2692 2802 3080 3307 3355 3466 3503 3526 3528 5147 6142 6356 7376 
39 48 65 123 225 407 424 626 806 1054 1277 2115 2283 2441 3366 4536 5489 10267 10444 13303 13454 
48 256 2113 4377 4698 6813 10442 
39 48 213 310 592 1048 2326 4390 5465 6148 10427 10484 10939 
38 110 
32 1239 11560 15431 
242 292 1910 3973 4610 4967 
110 485 2495 
1286 1588 1833 3159 4605 4958 5215 5633 
19 39 432 2015 2118 6547 6827 10803 11539 
388 406 423 489 500 2390 3343 5765 10457 10536 10741 11564 12503 12508 
301 783 791 965 2383 6585 7705 
32 225 987 
262 453 913 1387 1957 2375 4435 10831 15319 15798 15832 
1821 4063 8858 
39 48 96 271 379 442 479 677 835 1130 1770 2238 2916 3071 3341 4401 4994 5080 5409 10515 11794 12060 12129 12761 14266 14357 14862 14952 
32 39 48 846 1214 1246 2165 3486 4464 4650 5992 
38 48 110 208 246 393 528 798 1859 2276 2376 2446 2524 2991 3067 4070 6627 
39 41 89 255 
39 48 848 1317 2164 6418 12925 
428 591 783 1214 2151 5233 6522 8515 9205 10587 12037 12062 12097 12142 12209 
39 48 2608 4280 6421 10444 10656 10817 12982 14634 
418 565 2678 3361 5953 7586 
32 242 547 2493 
39 41 48 225 548 791 978 1160 1444 2344 3078 3805 3994 4899 5653 5729 9782 10195 10359 
39 48 501 4371 10226 
32 48 326 754 3838 3955 5080 6709 7277 14068 
15685 
237 
39 41 48 210 500 521 536 1055 1382 1714 2431 2437 2775 5211 8366 11476 
32 39 41 48 60 395 948 1344 1594 2168 2208 3839 12171 12278 
36 38 39 48 413 445 1315 1568 
32 39 164 166 388 684 1343 1564 1805 2651 2652 2787 3099 3693 3735 4744 5050 5472 
38 281 3660 5088 5788 6267 6484 9134 10496 10592 11995 
39 225 227 
38 110 
60 65 98 103 402 641 878 883 1327 1416 2031 2073 2281 2364 2492 2532 2623 2874 3155 3361 4115 7020 7417 9907 10515 11780 12946 12994 12995 12996 
39 41 48 65 147 200 208 336 808 812 878 1029 1610 1815 1907 2210 2621 2635 2697 2802 3471 3775 4311 4312 4317 4841 5143 6303 6712 7090 8086 
32 39 41 107 108 147 185 399 412 413 534 837 1611 1679 1715 2002 2853 2854 2873 3169 4195 4336 5168 10611 11794 11801 
48 9692 
39 41 120 208 225 242 338 1285 2225 2609 6369 
39 48 1020 1664 6502 14570 14590 14604 14605 
48 117 1471 7355 13041 
12 39 65 147 271 274 328 347 652 677 704 1109 1262 1677 3006 3521 3724 5213 5968 11039 12215 14486 14573 15126 
170 
2 32 37 38 39 48 110 237 529 792 795 801 1023 1819 2428 2669 3271 6505 8816 
22 185 246 677 2423 
846 1146 
36 38 39 173 740 811 846 2225 3594 5304 7253 8526 
38 39 48 509 806 840 5962 10451 
211 412 432 1290 12515 12629 
38 39 48 170 237 370 757 903 993 1715 1826 1915 2325 3317 10699 11178 12001 14126 
39 48 101 481 740 1192 2661 
48 2182 8730 10546 
147 267 1131 2238 3186 3450 5516 
43 48 65 147 249 365 1144 1948 2446 3782 4127 4968 5781 11747 
39 
39 41 1233 1689 1923 3840 
39 41 48 208 297 378 432 916 2117 3951 10690 
38 55 
738 6670 
30 31 41 48 161 548 549 571 610 961 993 1020 1239 1564 1611 1978 2741 2823 2920 3133 3690 4230 4583 4741 12141 13230 
39 48 1805 2625 3616 4426 4753 5651 12072 
38 48 237 310 479 504 533 938 6343 11794 12935 12938 
41 271 274 4119 
39 48 379 984 1290 1435 1619 2388 2424 2687 2792 4664 5113 6059 7125 15310 
2910 
39 48 225 269 347 406 926 1163 1360 1435 1814 2375 2880 3006 3194 4486 4640 5446 6127 6461 6593 8375 9066 9242 11039 14591 
48 201 342 812 1246 1697 4164 4165 
48 345 766 1009 1066 1456 1658 5154 
38 105 237 340 1126 5432 14099 
39 589 781 832 1027 1318 1693 5201 8092 8116 10073 11289 13626 
38 39 41 48 97 170 184 432 3180 3884 5289 
32 39 48 250 255 269 641 703 1072 1814 2191 2240 2383 2592 2629 2916 4070 6712 10017 10294 10785 12512 12572 12604 12952 12971 
39 2331 2783 6486 7540 
39 48 848 5322 9724 
9 39 48 338 403 2383 3642 10623 10887 
31 32 39 48 102 234 1023 13052 
32 258 740 793 869 3630 4813 5315 10897 
48 285 592 835 1664 1675 2135 3996 9716 13288 16010 
48 255 272 413 425 703 1277 1343 1395 1444 1697 1710 1789 2286 2792 2861 3317 4013 4171 4336 5416 
36 38 39 156 267 1607 16217 
39 48 2243 2495 3872 5356 11241 12925 
39 48 60 79 103 175 178 225 237 310 806 1026 1146 1783 2150 3149 5728 8730 
39 235 651 795 1043 1144 1818 1819 3311 
38 3854 6467 7938 8590 
39 48 334 797 1153 1154 8620 
32 38 39 47 48 1772 2054 3530 8245 
32 48 2441 5400 
39 41 48 475 755 2168 2468 
361 599 1638 1736 3813 3912 4478 5001 5894 8954 
39 48 
39 310 3082 3793 8905 8906 
39 48 242 915 961 1172 1481 2011 2054 3075 10128 10627 15815 
9 32 43 48 1948 4124 4127 4166 6553 8126 
39 48 340 1701 5233 
39 41 48 1327 3752 
39 41 44 45 48 1795 5160 5446 10587 10603 14612 14816 14957 15588 
32 243 812 882 1161 1393 1884 4037 4323 4358 10346 
31 32 65 447 944 
39 48 78 237 783 1257 2663 3091 
32 39 48 66 2424 
38 41 48 170 409 493 4211 
39 48 78 95 205 396 549 2505 3609 3799 5346 6768 10540 10551 
48 662 
48 285 2118 13089 
32 39 265 4056 6502 10450 
18 39 53 79 103 237 258 345 706 711 1619 1677 3189 3221 3857 3969 3971 5805 10422 10943 11060 12854 12971 12989 12990 
592 2117 7759 10146 
39 48 89 107 136 229 249 392 413 727 3312 3375 3864 5493 5952 5973 7631 7938 8635 9152 9719 10119 10374 10511 11283 11432 11600 11841 12048 12092 12369 12693 13443 13466 14065 14461 15063 15160 
32 39 1896 10635 
38 39 41 170 
32 79 684 835 1046 2084 12473 
39 41 117 379 976 1281 1368 2395 2464 3758 6074 9606 11191 12925 14099 
39 48 
32 855 
32 39 366 570 767 1034 3148 3774 3784 4030 5281 6706 6870 6871 6872 
39 48 1513 2290 3888 6911 10943 12059 
32 39 41 65 301 413 
39 41 3136 4175 
48 64 1678 2958 3451 6509 10567 
39 708 1291 
26 48 229 307 668 1014 1033 1448 2151 2926 3257 3684 3951 4626 4851 6302 6834 7083 7262 7874 8091 8881 10410 11687 12547 
39 48 136 229 244 664 961 1166 1578 1585 1948 3047 3270 4580 4630 5722 10818 12921 12929 12984 13107 
740 1400 4000 14855 15277 
39 48 246 385 746 2977 5432 6176 6453 9709 
39 48 260 346 2523 8985 9001 10538 10656 10933 
19 39 48 65 151 209 237 407 486 487 533 885 1001 1704 2364 2476 3784 3788 5074 5358 5566 6624 6892 12925 13054 14926 
48 1269 1914 2370 
41 
169 622 681 3850 
39 48 225 378 596 649 1588 3025 4723 10758 11724 13495 15500 
48 11074 
32 39 48 269 426 565 4643 5556 6118 
22 41 218 1968 2712 6068 
39 41 48 1588 4393 12925 
32 48 77 89 101 129 201 615 781 824 921 1082 1183 2002 2117 2324 2665 2702 2732 2800 2898 3174 3297 3886 4141 4143 4374 5062 5169 6322 7991 10490 10687 
32 39 48 147 255 270 438 444 468 727 766 793 882 899 1160 1209 1392 1578 1966 2167 2212 2415 2742 2751 3274 3313 4092 4561 4901 5730 5778 5863 6404 8730 9001 10214 
38 39 48 123 156 301 809 1590 2110 8730 16217 
37 39 48 
39 48 438 1822 5160 6343 6989 10444 13443 
38 1211 1831 
39 41 152 237 249 259 1123 1594 2208 2225 2238 2949 2991 3646 4985 6120 10533 11549 
38 39 390 1294 3635 3799 14642 
48 185 1476 1557 1853 1973 1987 8686 11600 
23 48 9024 
39 96 379 408 479 1607 1783 1899 2763 3673 10119 12925 13174 14373 14855 15093 
32 39 41 48 164 165 166 716 1520 2509 2669 2925 3616 5067 10357 
32 38 170 318 2106 3208 3682 5850 6273 6677 7264 
39 
9 1704 10656 13032 16097 
10328 10329 
596 6503 6942 8373 
32 39 89 
32 39 48 497 856 1977 2107 2286 3151 3470 4201 4805 5700 6034 6036 9418 10446 11560 
39 48 150 1579 3319 3321 3776 3866 4760 4812 5201 
39 48 101 310 334 740 1138 1291 1899 2239 2256 2763 13703 
32 36 38 
39 53 96 117 673 976 1120 1372 1450 1451 2300 2963 3154 3412 3663 4113 5848 10446 11780 12947 
38 48 78 370 798 806 2280 2703 2987 3006 10732 10872 12019 
52 2101 3098 4156 
32 1393 6845 8235 
38 39 89 163 236 370 680 3923 5164 13028 13051 13052 15119 
62 2215 10491 11224 12279 12875 13060 
32 45 389 4920 
39 256 1145 3121 12959 13174 
32 38 39 170 225 
89 234 640 681 
48 3082 5605 13021 13088 
48 185 264 272 
39 41 48 189 201 208 225 270 475 479 549 789 828 1574 1602 1763 1780 2208 2559 2989 4032 6120 
38 39 105 195 533 831 892 1115 1146 2513 2874 5084 
39 1360 4129 4624 6716 
48 275 589 618 808 1934 1939 2276 2535 2599 2802 5502 8634 8720 12267 14825 14831 14856 14864 14872 
19 41 338 413 1872 2127 2399 3859 
2840 3361 
479 13048 
36 38 256 271 813 6377 
32 41 48 1922 3370 10653 
31 44 554 911 1153 1277 1384 1385 1642 1818 1819 1870 2240 3127 3311 3577 3580 3607 3873 4200 4345 4621 5465 5466 6148 6244 6825 6992 7988 12517 
39 41 593 2543 5047 5138 10592 10820 
425 1214 1344 2084 4360 5339 6630 14634 
11 39 48 89 267 438 495 680 1842 1938 2039 2958 3903 10758 14830 14846 
39 61 2399 
32 39 147 909 2775 4645 10448 
39 48 101 885 1067 2075 10568 10789 12677 13024 13464 
258 553 645 2399 2703 2797 5114 6911 
9 38 48 56 225 264 265 718 768 2122 4613 4655 4886 6130 6940 9933 
1 39 48 535 1020 1333 2031 2795 2933 2994 4030 6567 13160 14262 
39 65 274 438 460 983 1307 3759 5385 6567 8985 9578 10313 13323 
39 48 3772 4166 11114 13423 
39 48 504 
38 281 592 1866 13258 13318 14386 
32 147 3394 5531 14171 
48 
41 48 380 522 760 880 1888 2678 4036 4822 5272 6956 
48 340 2350 2441 2635 10294 10354 12308 
36 39 6924 
32 
175 2177 5259 
8148 
39 48 810 1000 2268 5588 
39 41 48 101 349 425 535 647 712 846 1444 1931 1971 2327 2399 2933 3660 4237 5943 6227 7289 
18 32 36 38 39 41 48 203 229 267 426 636 703 830 1035 1046 1277 1372 1489 2129 2187 2284 2496 2505 2633 2746 3635 4698 7497 
39 41 48 8161 9374 14175 14649 15460 15578 16398 
48 205 910 1517 2721 12949 
38 39 48 286 
39 41 48 738 2420 2495 4515 9972 10543 
11 39 48 60 66 106 229 278 329 398 1023 1089 1106 1356 2162 2431 2481 2792 4686 
39 41 211 723 7512 10446 
41 381 475 2108 
41 379 1980 2201 7289 
39 48 237 262 384 564 677 1094 1393 1837 1919 1957 2009 2184 2314 2505 4891 4961 5505 5712 6759 7413 9103 10490 10515 10525 10645 11246 13033 13135 15815 15832 
18 39 6528 12842 
39 48 438 1784 
39 208 258 673 718 1043 4705 5323 5358 8672 10515 10551 
3 39 48 
48 73 101 147 201 271 560 615 730 1861 2329 2413 2515 3174 3208 3467 4141 4143 4144 4374 4935 6777 10860 11692 12070 13122 13174 13306 
36 38 48 396 896 910 1262 2450 5439 
39 41 48 306 340 887 1198 2747 2830 3059 3291 3494 3907 4037 4269 4567 4568 5040 5805 5806 6076 8269 
32 147 272 1027 1089 3574 4028 4170 4687 
372 962 2673 9214 
48 1669 2437 4779 
789 817 1323 1606 5685 9877 10598 11378 12064 12254 13189 
39 48 49 225 381 408 492 534 595 973 1598 1703 1822 1976 2238 2954 4047 4144 4177 4230 4363 5974 5975 5976 
32 38 39 103 117 254 371 976 1122 2506 4127 4357 5264 8346 10611 11691 
255 664 10598 14614 14615 
13008 14990 15680 
39 48 432 2284 3024 3900 4557 
39 237 13041 
255 13008 14098 
39 48 365 1121 1814 2056 5805 
24 39 41 48 117 178 225 255 264 310 422 432 550 806 1000 1060 1146 1344 1543 2557 2848 3045 3217 5967 6880 10453 10670 10684 10731 10791 11712 11894 
39 48 973 2002 3012 3125 8068 10374 15643 16217 
39 48 2394 2536 
14386 
41 44 48 205 217 310 571 732 798 1538 1568 1570 1781 1784 2004 2031 2489 2633 3447 4022 4661 5441 6964 10351 10515 12473 12503 12715 
48 475 
39 384 385 
38 39 48 67 110 153 225 405 798 910 911 994 1014 1101 1283 1920 2238 2241 2624 3855 4148 4512 5477 5830 7023 8431 8730 10515 10608 12566 12616 
48 5116 11096 
38 41 48 116 126 199 225 270 271 485 790 793 1004 1218 2115 2434 4600 5160 5461 6343 7328 8858 9501 9666 
39 48 246 295 793 1131 1132 1233 1796 2065 2297 2343 2424 2624 2633 2836 3483 3533 4013 4197 4251 4256 4257 4537 6889 6890 6891 
38 39 48 1071 2915 9737 12943 
759 2256 5162 10653 10852 12925 
39 48 237 242 362 389 599 926 1257 2480 2537 10448 10481 10493 11471 12671 13074 13747 
8978 
636 1257 1971 2437 2856 3826 6758 
32 39 48 69 475 751 910 1158 2681 2965 3229 3577 4121 4203 4493 5246 10598 15450 15486 
19 39 41 48 464 610 1121 1126 1332 2666 3292 4513 9285 
32 39 48 237 517 1527 1987 10909 
48 1081 6921 
22 39 48 547 591 939 2051 2958 5057 5582 8195 12925 15198 
39 48 249 3316 3951 5289 
39 490 2165 5405 12488 13739 
38 39 41 48 1831 2523 3721 8724 8725 
48 664 681 2344 3312 
39 48 188 931 984 1316 1782 4218 5069 7457 
39 41 48 107 129 248 379 413 432 433 591 677 682 808 1379 1758 1799 2080 2546 2573 5051 5537 10428 10605 10730 11560 
39 15127 
39 48 828 865 2768 2942 3279 4779 
39 65 849 1486 1975 2723 9579 
1157 3438 4370 7871 
39 41 225 4901 
32 432 584 967 1161 1444 1575 1697 1791 2286 2375 2537 4017 4048 4517 5350 5653 6672 7848 12152 
38 39 41 48 110 3159 6842 
32 39 16217 16220 
39 41 48 65 242 1291 3594 
32 1619 
39 2104 3973 4940 6107 6407 8343 13463 
31 38 41 110 269 271 319 1435 2184 2673 4393 5976 7975 8128 15832 
39 80 101 229 413 652 766 1160 1333 2033 2601 3827 4163 4164 4165 4677 4698 12981 13396 
790 5729 
39 65 1257 
39 264 1435 2495 2652 3229 6123 
39 48 2506 6593 7601 9569 13156 
39 234 235 236 242 740 764 1765 1951 2840 7319 
39 48 4741 6003 
769 
39 41 48 84 458 913 1833 3245 6140 6698 
48 51 84 188 825 1316 
259 535 971 3039 3434 3505 5495 6126 10175 16010 16011 
310 533 1965 5334 
39 41 
39 
39 48 225 270 1604 4771 12064 
39 
39 48 185 198 199 523 524 623 1854 2281 2524 2785 3435 3799 6793 
60 65 98 201 402 451 833 885 1003 1063 1327 1372 1387 2218 2281 2364 2793 2852 2874 3186 3202 3361 4379 4891 5948 10515 12996 13328 14055 14097 
48 244 1146 1308 1938 1958 3616 3659 
594 984 1661 4624 15157 
39 41 237 358 438 703 1417 1494 1562 1638 2051 2080 2788 2837 3179 4386 
39 41 101 310 350 664 916 1327 1634 2865 5363 
38 39 48 105 548 768 10410 12925 
37 38 48 438 1189 1489 2039 
201 209 338 1608 4779 
39 373 592 1023 1081 1128 1195 1355 1629 1771 1930 2843 2991 3361 6042 8867 10969 12199 13751 14099 
1014 2026 3102 3721 12059 
1191 1898 
271 
39 48 89 753 1082 1215 3278 3709 3754 3783 6219 6602 7016 13056 14881 16010 16019 
39 48 53 583 1309 2550 3453 3502 4025 4660 6930 8665 12969 
39 41 175 806 1143 2749 
9 39 41 48 204 267 379 570 1120 1600 1697 1821 2855 3291 4070 4524 7975 10491 10611 11289 11435 
39 48 94 101 301 350 1072 1146 1871 2013 2528 2808 2963 3616 4606 4607 6386 9187 9847 9848 
10 1804 9400 
39 161 
39 48 682 683 698 1323 
32 39 41 48 1043 5530 
187 208 270 1051 1206 1222 1223 1224 1225 1226 1227 1228 
39 48 653 700 903 959 1962 2963 3270 4009 5997 7448 10315 10448 11747 14098 14634 15832 
32 83 438 2471 
32 39 4945 8691 
45 48 615 683 2241 3002 4548 
32 48 206 242 
39 42 48 258 269 2793 
1480 3120 
38 39 649 840 1295 1498 3596 6242 6309 9396 12925 
38 371 1831 
18 39 979 1393 2885 4237 5156 10862 11039 11110 
39 563 1327 3515 3516 
38 39 48 286 371 730 922 979 1158 1415 1527 1877 2065 2523 2870 4843 8355 10499 
201 1052 1696 2118 4839 5330 10444 10656 11291 
501 
48 1060 
2285 10106 
48 337 649 809 958 1714 1922 2140 2184 2763 13041 13122 13559 13601 15406 15652 
740 13688 
7 12 39 639 856 1362 6242 6438 
39 41 48 89 766 984 1173 2046 2208 2241 2425 2634 2984 3420 3659 3867 4548 5358 7276 10579 11368 14098 14478 14634 
647 769 
48 60 89 155 272 767 1333 1986 2897 3194 6726 
36 38 48 806 1659 3447 11191 14118 
48 65 430 572 623 947 1768 13646 
259 367 485 548 563 590 837 1004 1144 1172 1251 1470 1804 2065 2451 3171 4061 4077 4468 4721 5296 5486 5661 5762 5907 6320 7146 7439 7635 7719 9168 10943 11017 11213 11316 12109 12605 12966 13023 13143 13778 14085 
39 48 2150 6236 10900 12429 13322 
48 168 412 1901 2388 3160 5108 7046 10620 14997 15857 16003 
39 48 50 60 123 409 648 1165 1302 1685 1871 2569 2891 2998 3080 3742 4207 4981 5149 5346 5571 5606 5671 5675 6356 7084 10474 10743 11063 12114 12149 
36 38 39 48 101 171 242 414 628 1428 2079 2760 5354 5795 8179 
27 39 48 185 413 614 660 2027 2062 5640 7890 16217 
38 39 438 1831 7873 10600 10601 
48 547 2430 14373 
39 48 52 831 1030 13227 
38 48 105 107 120 147 208 261 390 467 549 610 919 961 973 1067 1808 2384 2519 2578 3477 3799 5361 5953 6088 6506 7146 7147 7148 
39 48 79 310 6359 
39 48 209 282 426 442 604 725 916 1435 2092 2141 4698 5772 6998 7975 10054 10491 11326 11501 12503 13109 13289 13293 13306 
32 39 41 48 237 251 255 413 464 475 533 592 1004 1012 1807 1976 2329 2437 4446 4949 8040 8277 9852 10733 11221 13041 13408 13780 14928 
39 405 464 13041 
39 41 48 237 248 293 435 1297 1313 1536 1562 2489 5485 11330 
38 39 48 170 442 939 2127 
398 1792 1852 5968 6301 6302 
38 39 48 147 229 1440 1727 1987 2395 2708 11539 11904 12458 
39 48 
39 242 1184 1934 
123 243 264 548 563 573 682 698 989 1004 1340 1425 1479 1903 3333 4739 4807 6404 13443 
23 39 41 62 649 766 1192 1298 1311 1713 1908 1973 2114 2552 2994 3146 3693 3724 3735 3977 4113 4339 5341 
39 48 89 1004 4512 10447 
37 38 39 541 571 3170 4514 4951 6840 7775 12317 12509 13015 13597 14370 15618 15891 16125 
39 41 229 413 522 1719 1911 1931 1986 2064 2431 3827 4054 4935 6092 7657 7689 8715 
32 39 48 79 117 576 1030 1146 1394 1642 1895 1956 2284 3616 3875 4342 
116 1120 1409 3510 3914 5596 5860 9032 11600 14881 15385 15614 
37 38 48 438 468 469 539 1613 1867 3343 4017 9304 
39 48 772 2391 
32 39 48 179 2285 2741 3505 
38 39 41 48 78 170 255 428 904 2775 3127 3278 3607 9606 
38 39 170 209 533 1001 4209 
39 48 62 133 595 855 1998 2091 2424 2710 3308 3848 3981 4072 4636 5215 7147 7267 
39 48 2814 3101 13041 
32 38 435 1529 1683 3661 
9 209 260 432 535 739 3849 4363 10428 
39 48 84 676 1145 1914 2061 2842 7988 12048 
39 1023 1143 1408 1818 2431 10074 11535 
39 1158 10649 
39 175 842 2406 
39 48 651 662 874 1215 1481 1614 2663 2837 3075 3106 3130 3896 11316 15618 15667 
39 9155 16217 
39 48 78 192 665 2048 3194 4589 4661 9688 9693 
41 48 413 751 1417 1771 1872 2843 4160 13041 13192 
9 39 150 1000 1022 3353 3532 4513 5562 10939 
62 740 
48 258 444 772 1640 2524 5051 5124 6109 10556 
41 71 94 391 650 898 913 1703 1817 1872 1987 2074 2194 2353 2542 2732 3047 3074 3099 3220 4019 5040 6190 9029 9169 10129 
23 39 48 161 215 285 549 727 2241 3341 5535 5637 6728 9501 13079 
2 103 225 379 584 759 1239 1315 1497 1930 2424 5289 5782 6812 7331 9579 
84 
2 39 827 9687 
334 581 1842 2678 15036 
36 38 39 48 199 371 441 567 845 2097 2554 2716 5728 5729 
82 116 269 285 649 703 713 757 815 830 1619 2049 2184 2327 2364 2389 2437 2464 2471 2635 3207 3299 4305 5127 6163 6960 13136 15988 16146 
32 220 222 251 298 677 690 762 1417 4361 4743 4771 4830 5952 11048 
38 39 281 2482 11068 11199 
38 55 170 1210 4159 4342 
39 48 1278 1279 1763 4503 7373 8553 
7513 9437 9438 9782 9832 10025 
9 27 48 215 379 640 660 1250 2210 2566 3375 4994 13241 14573 
38 89 170 342 2276 14542 
36 38 48 89 170 242 267 644 767 1063 1103 1209 1715 1817 1842 1938 2039 2164 3314 5164 5577 11318 12716 13019 13322 14364 14664 
38 39 41 48 170 179 195 255 328 671 1327 1536 1814 2164 3159 6155 10554 
259 279 592 625 1431 1923 2182 2940 2941 
31 48 89 251 493 677 772 2046 2084 2573 3021 3055 4360 5124 6526 
23 38 39 41 48 101 170 458 581 989 1010 1013 1612 2417 4368 6571 
39 60 285 2056 2202 2238 3186 3510 4708 5312 5323 9260 12981 14362 14386 
39 48 156 186 956 986 1903 2167 2741 4871 11074 16010 
12 39 41 6456 7865 
49 258 340 1604 2436 4187 4221 4660 13105 13557 14612 15220 
39 48 49 101 2353 4362 6624 
0 39 757 791 3153 4265 7276 8596 10441 10606 12329 
65 
38 39 41 101 170 273 334 438 740 
48 65 387 649 831 2215 3292 9691 
32 39 48 95 164 260 310 379 405 682 1039 1702 2437 4208 4226 4336 4377 10551 
32 39 49 534 548 637 652 866 1352 1803 2276 2792 3467 3576 4070 4754 4940 6516 6869 9494 10568 11900 
48 65 479 549 1067 1368 3476 5641 6036 8364 
39 41 48 65 89 158 319 369 419 458 490 502 675 763 789 984 1053 1642 1726 1904 2236 2241 2314 2492 2629 3317 3338 3509 4069 4221 4269 4307 4472 4843 6190 6310 6426 6803 7185 7429 8227 9046 
48 70 113 117 166 225 259 301 649 682 698 759 791 830 1239 1344 2140 2449 2528 2694 4316 5169 5729 6120 7991 8416 9082 10446 10501 10653 11900 
32 479 604 628 1264 1814 1842 2635 3759 4524 5538 7957 9501 10441 12280 13163 13206 13297 13298 
39 48 374 2046 2897 3370 3872 8620 13586 
39 
32 39 41 48 2661 3270 
1658 3973 14142 
67 68 1557 2652 
32 39 
4087 10579 15070 
38 39 48 110 209 1958 4642 12925 13113 13277 14098 
48 260 1070 5546 
176 735 759 835 2988 3632 4226 4251 9235 10031 11074 15015 
48 270 1905 6734 15046 
32 39 48 65 89 310 388 490 798 832 851 968 1015 1609 1811 1842 1994 2122 2184 2521 3579 3931 4002 4325 4731 5151 5491 8128 15634 15643 
11058 
22 32 38 39 41 48 49 105 251 413 475 1791 2905 3240 3860 5135 8068 15836 
2 39 48 570 9001 
711 13524 
32 39 418 581 1113 2343 5476 10444 
39 48 61 385 522 813 2199 2552 5358 6959 8653 
1268 2884 12925 14870 14896 15031 
2506 4226 5712 10059 
39 41 284 694 932 1899 
1609 5951 14380 
48 242 1345 
9 39 48 185 843 929 9231 
38 39 48 49 52 123 250 326 788 916 1594 2151 3904 4438 5875 6387 11438 
38 39 48 62 984 1910 3194 3854 5783 6319 10515 11173 12500 12842 12946 13061 13177 
39 48 78 543 783 1067 1197 2281 2378 2591 2907 
32 4412 10803 
18 39 261 3079 7084 13127 
36 38 39 48 
32 38 39 55 141 242 664 927 1004 1251 1915 1940 2167 2963 3261 4307 6224 7826 12951 14254 
39 48 220 1344 2675 10548 
39 433 824 4364 
32 38 39 47 48 2606 3138 4909 4910 
39 48 65 173 396 1543 2215 2380 5037 11593 12929 14896 
39 48 438 783 1446 4221 4621 
39 41 48 65 168 232 287 310 333 365 570 1126 1537 1612 1881 2015 2100 2292 2389 2764 2987 3842 3867 4336 4811 7689 8186 8590 9095 
14107 
41 225 481 2238 2771 3604 
39 297 
39 48 1668 1966 2654 5097 
36 38 39 41 65 413 650 1140 1439 2399 
32 39 89 449 516 574 705 928 969 1145 1198 1744 2708 3942 5208 5625 5626 
36 38 39 41 48 78 1537 
39 41 53 104 117 237 247 414 700 846 976 1369 1393 1484 1643 3614 4793 4967 10103 10125 10129 
48 53 65 117 174 204 297 350 660 750 865 976 1020 1444 1486 2147 2202 2416 2441 3034 3194 3502 3678 4094 4158 4336 4918 5137 7048 7049 7050 7051 7052 7053 
570 664 1096 1486 1959 2692 2768 
39 48 2958 12951 
39 48 2523 2958 
1004 1422 2552 2556 2562 3291 3774 
