32 36 38 39 48 103 389 1196 1631 1647 4465 6249 
39 2290 4636 4671 
39 913 2297 4256 11768 
32 39 41 48 243 1004 1135 2344 9061 10423 12929 16217 
32 38 39 48 56 1103 1987 14386 
39 711 809 885 2706 6915 8163 10536 
32 48 2276 6682 9304 10598 
31 39 41 48 80 225 272 826 1180 5772 5793 7802 
19 32 48 123 251 255 500 521 522 574 625 939 1062 1191 1361 1722 2621 2650 3308 3423 3717 4056 4970 5158 7451 10078 
32 48 62 107 143 237 256 457 757 856 1250 1360 1630 1715 1867 1872 1947 2300 2775 2822 2881 2998 3471 3794 3898 3981 4018 5024 5836 6334 6547 6750 6926 7320 7321 
39 48 
36 39 229 
32 39 93 548 659 4592 7016 
1558 3724 3923 5976 8092 9646 10623 10801 12666 14944 15144 
48 898 3092 3307 3912 3925 4658 5406 6748 
32 39 48 101 255 308 309 475 548 549 555 610 621 728 1018 1067 1080 1269 1378 1379 1380 1598 1600 1837 1854 2046 2122 2464 2538 3368 3412 3487 3758 4113 4661 6120 6734 7975 8863 12951 13368 13863 
107 156 243 269 271 812 1929 7687 
39 96 675 2402 
37 38 48 170 2404 2650 
41 48 79 438 543 
45 572 604 662 1578 2187 2294 2641 2695 2860 3177 3531 4284 6543 6565 7348 7349 
39 48 2238 6200 
39 48 65 379 423 664 1172 1309 1920 1939 2329 2352 2540 2573 2767 2818 2998 3006 3086 3895 3952 4031 4880 6214 6609 8411 12842 12951 13061 13443 14582 
311 553 976 1870 2046 4334 10544 10651 
39 48 346 639 931 1075 1719 2061 2431 2654 4047 13556 13602 13786 
32 695 1393 2884 6303 
39 438 1360 1393 1915 2056 2338 2554 2865 3827 4058 4447 5178 15257 
32 38 281 
3336 6697 14635 
32 48 1045 
32 39 1578 2554 
3504 16010 
23 39 41 1833 4145 4258 
39 48 123 225 310 449 490 741 742 1390 1600 2557 4032 5346 5566 6403 
39 41 255 260 978 2492 5152 
48 331 384 653 976 1020 1696 2436 3855 4373 
39 41 48 65 89 197 458 522 753 1143 1320 2018 2402 2576 2730 2767 2870 3364 3541 4392 4882 5767 
32 48 9727 
32 2094 
92 498 1436 1811 3756 4306 4329 6369 
32 36 38 39 48 65 1146 1604 1713 2896 5821 
39 48 681 1284 4730 4843 5122 10195 12925 
39 334 2496 4990 9544 12925 
39 259 956 2399 
39 48 49 2925 4626 5821 
39 48 816 7190 7295 14548 
852 2970 3642 
39 80 1527 
32 39 48 812 1908 4975 5050 
39 41 71 413 599 801 824 919 1393 1557 2769 2880 3316 3896 9576 15891 16217 
3495 10451 14933 
39 284 326 652 1564 1644 3174 4136 5315 5570 10487 12951 13022 
39 70 1004 1361 2186 4345 
32 48 102 398 971 1248 1415 1740 2733 3008 3222 4444 5342 
497 772 5902 
39 45 48 64 308 309 824 1080 1083 1269 1378 1379 2958 2989 5143 5201 7640 10017 13234 13413 
39 3635 
284 713 795 851 1818 1819 3311 4290 4792 5381 6100 6101 
0 30 39 48 215 271 282 310 334 389 671 795 924 1819 2164 2166 4105 4336 4340 4739 4740 4863 6173 7683 10939 
501 
31 38 39 48 110 237 903 5931 10442 
39 48 78 3759 13182 13288 
39 48 53 501 1678 3159 3358 3441 
38 39 41 48 286 2486 6755 
39 48 60 89 147 1144 
38 39 48 89 129 170 305 806 926 10259 
48 198 1327 2849 5782 6266 10446 12277 
38 39 48 110 217 1820 4358 8736 10899 11278 12036 12957 
39 48 51 284 298 413 418 497 570 591 660 750 926 1146 1905 2441 2673 4913 9843 10862 11432 12973 13062 
5 39 48 362 527 544 570 1286 2378 2808 3161 3609 5048 5980 6635 6746 11615 11749 12657 12999 13182 13359 
39 48 
18 32 41 48 105 129 424 458 551 760 1956 2015 2069 2084 2982 2996 3014 3503 3766 3861 4060 4360 4919 5074 5150 5296 8435 9575 
38 39 41 48 110 
1809 3001 4636 5975 
39 703 749 4117 4656 
39 41 48 311 3223 6091 11799 
32 39 48 1185 1738 1770 1900 2104 2323 2420 3719 3759 8218 11123 
32 38 39 48 89 123 170 227 398 3774 10249 13050 15439 
39 413 10685 
32 48 78 242 1012 1400 2633 3659 3793 6137 10574 
11 186 228 340 448 514 544 561 664 830 944 1744 2524 3321 4067 4523 5348 6224 11794 12842 13086 
464 760 2168 5289 13041 
15 32 39 48 1120 1455 2715 3946 6522 6795 10965 10966 12066 12732 13048 15151 16010 16011 
10 39 48 297 1884 2417 2556 2820 10087 
36 38 39 48 110 407 571 589 1237 3158 3178 3370 3394 4765 5307 6583 6609 7500 7753 
24 32 39 41 48 320 486 615 669 739 876 993 1281 1395 1651 1652 1901 2161 2168 2184 2225 2238 2345 2449 2496 2567 2901 3501 4024 4377 4451 4524 4688 4930 5017 5728 6109 8128 8576 8959 10456 10515 10885 10914 11539 11971 11972 11973 
39 48 621 887 1014 2598 2822 2998 9341 10683 
32 497 
860 956 1284 10458 10491 11265 
32 48 944 1192 1557 1655 1768 3538 3539 9527 
48 
39 48 350 1611 2056 3291 3502 6682 
39 41 225 235 4129 6579 
48 910 1144 2856 2997 5931 12564 
39 4658 11212 12753 13328 15138 
2 37 38 39 48 78 170 179 206 249 490 504 525 571 665 1402 1517 2164 3034 3904 4592 7277 14508 
39 1479 1481 4723 
39 3336 13189 
78 1146 3083 4517 7646 
39 301 548 913 1785 2238 2398 3078 4105 4336 4800 4899 5729 9579 10939 12929 
18 39 48 533 1121 1235 2325 2433 3186 3195 3840 5322 6742 
39 7253 
17 39 325 475 730 2518 3101 7161 
41 45 878 2985 3987 4156 
36 38 39 49 234 664 740 795 956 1219 1818 1819 1938 3311 4433 4486 6810 13052 
39 48 60 161 479 764 1327 2225 2968 
39 48 159 438 566 783 2284 3033 3202 8456 
39 41 48 341 396 1277 1562 1602 2563 3270 3271 3292 5355 5418 7500 8777 10490 15514 
142 717 1497 3175 4215 4784 5034 5035 5036 
39 2573 14426 
38 110 
19 32 38 41 48 101 281 301 993 1076 1084 4057 4285 10951 
32 178 842 1146 1715 2406 9141 
39 829 1978 2310 2962 3253 4872 4945 
36 38 39 48 438 1013 1214 1257 1327 1525 1543 2043 3282 
533 783 2436 2635 2775 2907 
39 41 48 65 76 101 107 341 414 675 829 831 961 1071 1102 1239 1393 1486 1966 2080 2238 2740 3853 3896 4800 5729 6291 8160 9095 9617 
48 80 310 795 3311 3321 4407 4994 5510 5642 10446 12547 12929 12959 13174 13313 13437 15028 
41 65 1327 1971 2542 4265 4677 9678 9822 
59 825 1228 1972 2118 2226 2391 2616 3462 3683 5342 10818 12977 
38 39 41 48 170 570 703 2164 5826 9295 9304 9562 9786 
39 573 1332 1811 2329 
344 1016 6953 
32 39 48 3456 3995 
39 48 812 956 1867 2344 
32 39 225 4661 5317 5489 
39 48 208 209 246 334 338 615 704 770 925 1448 1704 1851 2031 2236 2715 3917 11630 12396 
39 48 258 338 459 1004 1435 1600 2103 2213 3128 3774 3923 4819 5013 5370 7674 9029 
48 1914 2651 4529 4945 6485 13165 14723 15034 
32 39 48 397 831 961 1067 2184 13189 
71 408 730 811 874 1281 2763 2801 5299 8160 8161 8181 8608 9669 
32 161 1834 2878 14804 
38 39 48 110 237 438 2856 
39 48 185 415 475 1173 1448 
2269 2657 2998 
19 39 48 175 346 570 591 677 806 976 983 1026 1140 1146 1999 2103 2557 3161 3609 4030 4143 5633 6201 6758 9998 12925 
39 41 48 79 441 649 887 1004 1486 1677 2822 3926 8867 10184 13443 16217 
48 94 208 225 386 576 808 1277 1372 1396 1796 1977 2026 2364 2441 2635 3282 3322 3664 4800 4832 5287 5344 9095 10474 11630 12306 
32 39 41 1529 
38 1079 1273 1638 2805 5458 
39 41 48 53 89 201 258 312 352 515 616 812 1066 1395 1715 1815 2130 2633 2813 2972 3308 3315 3474 4936 5386 5387 5388 
39 60 2241 10818 
48 2747 3521 
32 39 41 677 3312 4504 15983 
39 48 201 549 621 961 1087 2169 2370 2588 3055 3799 5288 5857 5894 8879 9017 
23 39 48 185 754 1027 1308 1703 1784 1855 1903 2091 2440 2754 3189 3361 4064 4112 5178 5350 6738 6789 10651 10690 10917 12983 14637 
326 4339 
13518 
108 179 301 610 830 1067 2051 2075 2335 2892 
38 39 48 170 3005 
48 738 837 956 2469 4318 
242 441 740 1018 1408 2327 3759 5097 
48 185 
32 79 405 680 712 976 1525 1837 1842 2004 2229 2383 4760 5194 10422 10515 10723 11236 11318 11468 15054 
39 48 103 256 351 1327 5168 
38 39 79 269 365 424 840 1232 1262 1668 2537 3608 4685 12952 13113 
38 39 48 101 370 413 441 677 982 1693 2557 4977 9662 10214 12365 12921 12943 
38 39 41 48 55 2004 3035 4412 5381 5546 
2703 7912 
39 48 249 1327 1651 2875 3728 4479 4906 10656 13027 
48 1867 7481 
31 39 41 48 235 251 310 677 2046 2573 4187 4280 5248 10767 10818 11833 
65 338 1291 1585 2051 12925 14098 
48 89 785 1775 3157 
38 39 48 55 65 211 432 
39 52 499 1280 1652 3714 8730 
39 48 320 550 3502 4111 6190 6251 10423 15832 
899 1216 4908 
124 260 916 2073 4680 
9765 
38 39 48 56 185 695 731 831 2425 4779 5671 12503 13034 
270 7219 
7 38 41 258 439 542 790 1440 2980 4311 4695 5381 5566 7186 7826 
38 590 898 1727 2521 2742 3047 3220 3313 3357 4897 5263 5919 12244 13197 
48 60 589 768 4890 5059 
38 39 41 48 56 2834 4983 
79 207 255 441 548 809 885 1084 2118 2878 3160 4733 10491 11270 12921 
39 48 164 165 166 208 684 937 1994 2874 2987 3394 4502 6609 
297 451 464 623 691 772 794 817 879 962 1320 1642 1677 1679 1700 2081 2233 2674 2997 3221 3276 4650 4883 5618 8613 9490 
39 48 175 178 249 424 720 1030 1121 1144 1355 1444 2297 2399 2673 2767 3573 5492 
39 48 208 664 703 1126 1873 2199 2331 2481 2791 3388 3976 5531 8289 10502 
9 32 52 60 254 269 270 621 706 1046 1318 1404 1828 2135 2296 2482 2818 3094 4832 5152 5289 6334 9001 9617 10017 15273 15453 
15249 
41 48 89 101 201 246 439 674 824 831 1082 1099 1715 1874 1930 2006 2187 2239 2329 2424 2800 3174 3364 4140 4141 4142 4143 4144 
39 48 185 514 869 3323 4066 
39 41 554 991 2214 3161 
15618 
39 438 856 2008 3275 5272 9931 
269 522 547 652 829 845 1964 2117 2635 4032 4317 6520 10548 12503 
39 48 411 662 1327 
39 48 536 9501 13572 
41 932 
39 41 1503 1562 1885 1946 4134 
39 191 334 
32 38 39 48 155 170 10440 10441 
38 42 281 840 1938 3005 
10 48 246 532 689 1183 3259 4465 
15 39 60 1291 1476 2051 3932 4053 11000 13300 
39 48 269 702 1280 1456 1714 4031 4144 4416 4432 7007 8985 10531 13184 14103 
39 48 153 519 893 3521 9581 
423 849 1121 1483 1578 
48 
39 41 3186 
39 41 879 1714 2122 2169 2223 2263 2768 5489 5562 8691 14099 
653 2122 3385 3560 
38 41 170 790 1698 2917 10106 
107 184 243 279 812 1393 3846 4037 4811 5463 7687 
38 39 41 78 170 225 1051 1670 2437 9605 
766 1144 1456 2725 8160 13581 14366 
39 48 384 4580 5191 6271 
39 48 271 338 488 854 1290 1715 1884 1992 2002 2242 2375 3404 4501 4919 5341 6827 8548 10476 13080 14098 14099 14244 
32 39 225 382 397 974 997 1825 1826 4316 4790 6886 7472 10653 13182 13189 
18 41 97 338 408 672 796 1025 1239 1282 1614 1653 1785 1868 2122 2473 2561 2702 2795 2994 3259 3297 3318 3368 3512 3677 3735 4100 4299 4768 4882 5124 6404 6419 11104 11692 12997 13032 13041 13189 13345 13958 14595 15630 
39 48 413 4229 8620 
41 48 589 798 859 1183 1263 1277 1333 1698 2358 2952 2955 2987 4890 9287 10816 11480 11644 12340 12846 12853 12864 
39 
32 38 48 62 65 338 649 690 751 1395 1727 2843 3510 4491 5884 5965 7142 10747 14025 14391 14392 
39 
39 5899 
39 9661 
32 38 39 41 48 65 147 282 286 475 681 899 2157 2725 3968 
32 39 103 156 178 639 806 1120 1987 2741 4393 15163 16430 16431 
2380 2381 2382 2383 
32 519 822 1083 1939 2380 2415 2504 2879 2930 3070 3200 3873 5194 5381 5943 10033 10102 
39 48 345 927 4117 4563 10960 13143 13322 
19 48 255 347 438 1048 1408 4369 14386 14406 14407 
39 48 806 1664 1867 4685 
48 543 859 1126 1784 2528 3551 4278 6141 10943 
38 48 1135 1727 5296 
39 48 2172 9038 9510 9617 10967 
6897 
39 48 310 546 574 597 929 961 2324 4315 10230 15384 
514 2191 2968 5403 8884 
1296 2168 
7912 14104 
39 48 65 2300 13005 
39 48 123 249 297 544 2997 5802 5931 9102 10668 10811 
39 129 769 1034 5034 5295 7758 
41 65 373 1609 3785 5280 5305 6359 16430 16431 
38 39 48 181 264 310 413 589 740 837 1503 2544 3005 10553 11600 13490 16022 
39 41 48 103 200 438 1696 6386 7743 9501 9510 9581 9703 
161 1792 7745 
608 637 947 2135 3017 6230 7463 
5 39 48 65 89 308 703 925 1145 1269 2376 4392 5884 10017 10458 
1163 3497 3941 5685 12968 15148 
38 39 1188 
39 41 147 475 1345 1392 2238 2761 4524 7276 8985 
38 48 101 424 911 1468 1831 2238 2240 4070 4698 
10609 
39 41 48 159 544 902 1024 1067 1075 1232 1327 2299 4060 4525 4922 4994 6082 7058 9241 
32 39 76 662 2580 5809 11029 
39 41 220 764 856 1302 
39 1123 1476 
32 161 438 2021 6880 
39 48 418 1696 15832 15879 
38 39 48 56 279 338 440 830 1308 2056 3160 3505 4144 7122 7600 
39 48 
36 38 39 103 436 1444 2709 5377 6085 10330 10789 14083 14364 
32 77 285 418 479 570 632 704 1113 1609 1761 1874 1937 2053 2161 2272 2714 2785 3194 3279 3383 3926 3933 7230 7494 10202 12841 15345 16093 16129 16131 16178 
39 48 242 580 721 929 2352 2513 4109 4258 4471 6828 7262 8263 9621 9843 14575 
32 39 80 798 2987 3853 6879 
39 48 449 16217 
255 
9 32 48 256 480 1059 2169 2622 3522 3794 4351 5024 5563 8102 8348 
749 
39 6810 
1209 1914 
39 5113 
39 65 117 1783 1863 4448 4905 5850 15054 
643 681 694 820 1043 1132 1537 3136 3966 3992 4013 4220 4424 5074 5937 
39 41 48 205 260 280 310 1513 2344 2524 6214 
65 68 2353 3440 10943 
32 41 48 166 682 3079 10128 
126 259 279 592 625 1603 2619 6893 9311 
32 39 41 48 186 653 681 857 4125 4611 5160 8869 
39 48 338 1121 1749 2119 3452 3738 6341 
38 39 40 41 48 168 234 237 278 281 397 457 764 821 921 1001 1395 1476 1497 2049 2933 2965 3012 3539 4067 7336 9095 10611 
922 1578 
39 297 1913 2238 2696 4515 5728 5977 
32 1859 4051 8581 
824 1440 1872 2623 2923 3331 5419 
39 249 438 2872 6011 6404 11129 13049 
36 38 39 48 89 156 413 549 719 906 2431 3790 4396 13132 
76 3149 12935 14826 14873 
23 39 101 2437 5315 
38 39 41 48 89 170 254 264 566 1327 1445 1486 1543 1677 2199 2232 2983 3292 3596 4389 5029 5383 5848 6299 7415 8127 8986 
18 30 39 155 237 255 2915 3676 4720 
1146 3616 
38 47 48 769 1034 2374 2912 6067 6364 7020 
32 38 39 48 105 225 269 533 662 743 1914 2151 2238 2246 2364 2742 3346 4630 5074 5116 6406 10579 12149 
39 65 603 1161 10653 
15 32 39 41 115 156 449 468 589 763 789 1679 1805 1859 2056 2083 2782 2892 3435 3538 5624 5633 6143 8597 9394 
1235 2420 10490 10635 
48 249 438 611 763 2147 2875 9879 10901 
863 1520 4340 
39 48 675 9547 11143 
39 48 285 761 1003 3952 11471 13303 13784 15137 
38 39 281 511 2450 
175 178 3521 5164 6024 12592 
32 5369 10493 
32 237 334 404 533 1043 1063 2279 2798 4229 9911 10515 
39 41 48 190 1209 3052 5790 9688 
15 32 48 740 1344 6354 12935 13423 
39 48 89 123 258 407 533 1738 1789 1816 2208 2790 
37 38 39 105 248 479 591 1165 1167 1361 1433 2329 11610 
48 225 911 966 2241 2685 4726 
2075 2326 3827 4175 10063 
32 39 48 3955 
48 151 161 867 1199 4642 4643 5291 7324 7849 8064 8065 
39 61 681 1715 1984 2388 5272 6176 
36 38 39 48 110 2051 5215 
39 65 5771 
41 829 
48 89 248 345 351 357 405 558 815 2208 3028 4226 4744 4790 11295 
39 2775 3505 5323 5828 8600 10822 
32 39 48 164 165 166 208 270 684 2011 2853 
38 39 213 370 707 783 903 1693 11882 12062 
65 242 270 440 475 835 1003 1146 1996 2188 2515 4267 10809 10980 12925 15345 15578 16175 16405 
38 41 47 664 1279 1369 1576 1704 1913 
32 2352 
38 39 55 694 1107 1189 2725 3715 
39 48 334 4272 5287 12569 
39 48 
18 39 48 49 155 856 1576 
10 39 319 373 438 541 652 675 979 1387 1435 1568 1743 3093 3270 3447 5653 5701 7817 8742 8985 9665 9696 10140 10165 10172 10173 
19 39 48 65 237 249 320 364 398 464 539 544 573 958 959 1071 1144 1348 1359 1371 1612 1740 2052 2199 2208 2383 4125 6006 6999 8985 9138 9857 12959 13174 
39 48 413 1698 2254 3616 5641 15424 15425 
39 48 1315 2109 10742 
1479 1709 2493 2740 4760 5096 5641 12242 13606 15471 
36 38 39 48 232 234 236 249 269 411 651 929 1144 1209 1253 1428 1527 1543 1579 1821 2103 2233 2436 2521 2810 3299 4564 4990 10420 10490 11060 13117 
31 89 812 1143 12082 
39 48 123 246 1290 4435 4500 4666 6769 
48 65 
38 39 41 48 60 89 368 925 2680 3129 3904 4529 5105 5914 7169 
39 913 1804 5925 
39 48 78 350 664 718 1390 2061 2283 3425 6725 7960 
39 48 3286 
32 39 41 48 310 413 956 1140 1693 1771 5556 5788 10653 13041 
39 48 147 259 415 1000 1288 1644 1956 2389 3058 3476 3499 5502 6587 6729 7520 8414 11649 
2238 
32 48 156 1791 2168 2480 3157 3553 4245 5830 
32 39 382 396 704 938 14595 
1503 9421 
604 898 
39 48 573 649 779 856 1286 2107 2815 3052 4107 4272 4642 4978 
38 39 2805 
36 4971 14069 
2872 4643 8039 10622 
60 65 98 103 402 641 878 883 1327 1416 2031 2073 2281 2364 2492 2532 2623 2874 3155 3361 4115 7020 7417 9907 10515 11780 12946 12994 12995 12996 
1 38 39 48 79 123 338 793 878 1025 1459 1678 1771 2015 2199 2383 3160 4256 4630 5915 7537 8740 10653 13912 14112 14158 
2 48 475 544 704 788 1578 2394 3933 9520 13380 13639 15297 
39 48 76 277 331 398 448 589 675 758 944 1094 1884 4051 7082 7758 8990 10370 10461 10782 11249 11689 12038 12234 12308 12685 15638 
32 37 38 39 41 42 45 48 449 621 3462 13366 
285 288 2524 4032 4552 6984 10681 12242 
39 117 592 2284 3937 
48 397 488 1237 2415 2524 2879 2944 5686 6890 10221 10650 10653 10943 13032 13411 14233 
2297 
37 38 4548 
32 464 549 9854 
39 198 677 6680 10905 12943 13189 
2928 3316 
2504 4304 4751 4879 5405 7975 10446 10491 10592 12620 
36 38 39 48 1590 4627 15832 
123 623 655 1569 1570 1897 2083 2721 3205 4010 5465 5560 5782 6460 6776 
9 39 48 78 89 5158 6281 10887 11270 
32 39 48 65 250 270 438 544 710 1113 1177 2118 2238 2250 4927 4945 5720 9120 10766 12680 13302 15290 
74 1655 
39 48 65 147 718 1066 1700 2420 
426 793 885 968 1198 2506 2604 4057 4164 4630 8260 
38 170 249 438 2472 11756 
41 1280 1643 1833 2235 6860 6861 
65 95 514 2196 3404 3682 4466 11326 
225 351 508 535 650 727 918 1262 1498 1606 1804 3925 4195 5276 6716 9082 
2256 3649 
38 39 48 170 358 369 4843 
9 39 48 76 285 414 675 938 1906 1983 2241 2591 2631 4070 4154 4555 5772 
73 201 350 374 442 729 730 731 1012 1020 1456 1459 1462 1878 2208 3189 4872 5288 7473 7554 10515 10551 15835 16217 
39 
41 341 401 428 539 786 962 1192 1296 1772 2300 3841 4563 4588 10362 11952 
39 41 48 278 379 1012 1764 3759 10424 10728 10804 
39 41 84 101 449 475 913 1891 2393 2661 2682 2975 3707 4595 6441 10571 
39 41 48 66 185 976 4220 4393 12671 
39 1852 
39 48 
39 589 714 1699 2792 3093 7279 
11693 
39 48 979 1435 1444 3827 8691 
39 48 89 396 610 1103 1166 1517 1987 2056 2080 2167 6498 
39 48 123 325 361 587 5001 10483 14152 15879 
39 48 2583 
179 301 806 1355 2329 2919 
39 48 94 159 249 310 594 829 1003 1283 1394 1448 1693 2464 2550 2574 2625 2634 5605 5740 6151 7646 12952 
19 38 39 41 48 170 237 338 475 563 704 837 1320 1656 1865 2071 2429 2812 3279 3521 4340 4411 4591 4632 5084 5534 6466 
292 643 4285 7462 10684 
39 60 66 208 381 536 706 839 1123 1733 2762 2883 3411 3735 4097 4127 
1004 5007 5008 
39 885 
41 225 647 4096 4398 5022 6354 13485 14484 15123 15586 15608 
32 548 1840 
423 846 932 1214 1425 1493 2441 2602 3651 5086 7210 
39 1072 4213 6992 13312 
38 48 79 170 
32 53 65 66 88 250 301 418 543 592 924 993 1291 1603 1815 2279 2531 2673 3160 3270 3315 3361 3441 3502 3690 3715 4873 5071 5472 7075 7129 8322 10481 10568 11598 12638 13060 14098 14663 15159 15198 15512 15578 
32 39 2601 3581 10073 
23 39 171 310 441 751 808 885 2191 2865 4710 11152 12572 13089 13469 15438 16155 16217 
39 1324 9702 
48 757 2878 12819 
39 48 6630 7273 12925 
32 38 39 41 48 570 1022 1277 1290 1517 1529 1707 1786 1872 2550 3076 3343 4221 8718 8975 
22 39 48 433 738 825 1008 4009 4050 10119 10872 14098 
1 41 48 312 553 808 856 1360 1486 1782 1812 1814 1869 2002 2552 3330 3925 4207 5062 7744 9061 13786 15126 15879 16430 16431 
1665 2687 2984 3354 4883 9843 11718 
32 3920 
38 39 112 150 225 270 271 479 790 2183 3951 6488 12317 12955 13201 14680 
32 39 260 535 652 719 764 801 1024 1210 1476 1538 1729 1822 2018 2043 2284 2505 3964 4034 4318 4479 8411 8559 10425 10796 11926 14098 14112 15028 15083 15084 15107 
36 38 39 41 492 740 1336 1453 2238 3759 5034 5281 
65 69 255 269 396 398 615 623 673 766 812 910 1004 1124 1562 1595 1779 2692 2712 2888 3579 4720 5124 7561 12925 13056 15345 15436 15847 
5 15 18 48 95 108 251 255 345 413 537 548 677 704 789 809 947 1052 1215 1451 1471 2027 2094 2524 2536 2907 2998 3006 3047 3271 3884 4144 4806 5614 5651 6219 6722 7941 9541 10764 11456 11630 12677 13197 14006 14099 
12 39 80 117 248 408 442 1113 2324 2335 3084 4994 5038 7340 7975 8068 11050 12929 13062 
38 170 270 768 13189 
1 32 48 
23 39 60 264 682 753 1870 1991 5492 6232 8212 8241 9058 9064 
32 48 123 151 225 271 397 509 592 2241 4022 4070 4317 6748 7325 7495 10175 10424 10638 10762 10882 10883 10884 
39 48 812 2388 7598 8192 12677 
38 39 41 48 103 229 237 286 569 938 1013 1209 1746 2310 2389 2649 3879 5485 7046 9150 9986 13017 15675 16430 16431 
32 39 41 413 984 1661 2046 3762 4061 
32 83 1161 6162 
31 40 48 168 234 236 237 249 795 1219 1527 2353 2701 2988 3643 4800 7235 7628 10165 12508 12612 12736 
83 1834 7302 
38 39 110 464 475 769 1034 1556 5548 
32 39 41 48 979 2238 10487 12100 
39 41 48 53 89 201 258 334 362 407 479 534 708 730 878 1446 1538 1709 1736 2118 2382 2554 3189 3290 3502 3756 3762 3855 4144 4386 4682 5429 6379 6454 8492 14098 15608 
39 48 147 175 189 389 573 806 849 1037 1192 2981 3988 5088 5089 5090 5091 
39 8273 
65 584 1376 2658 5323 10885 
38 39 286 406 5153 
7005 10491 11314 15033 15111 
38 39 48 96 125 170 438 1027 1540 1630 1698 2373 2968 3628 4715 5432 5462 5999 6635 7182 
39 147 185 270 814 1354 1948 7053 11397 14098 
39 41 48 
39 48 1435 1965 3119 3722 9673 10605 11154 12963 
38 48 49 88 105 111 573 677 1004 1251 1332 1549 1846 1901 2384 2592 2897 4385 4694 5907 7600 10568 10859 10943 11017 11747 12047 13494 15623 
39 43 48 176 514 558 586 615 817 939 1557 1924 2014 2350 3299 3722 3799 4326 4806 4841 5893 6615 9263 15675 
38 39 48 370 712 1600 1872 2329 4440 9579 9580 
39 
39 155 338 713 714 
48 2118 
39 48 220 4141 5580 
32 
48 139 424 1207 1437 1787 2126 3113 3680 4258 4337 4933 8156 
32 39 65 551 1693 2238 3006 12984 
39 48 255 1841 2523 3347 3549 
39 48 89 592 599 907 3932 13302 
39 
32 39 270 806 5728 10342 
39 48 102 243 438 488 652 702 771 859 926 967 1060 1163 1901 1939 2075 2335 2546 2792 3006 3503 3790 4812 5346 10506 10905 12981 14019 
32 389 
39 225 2259 12973 14185 
38 39 438 1831 7873 10600 10601 
39 48 221 398 438 2350 2616 2942 4055 10653 13062 13534 
18 418 565 581 913 3361 4058 
39 175 398 809 1783 2848 10704 
32 37 38 39 48 571 576 587 681 927 1854 2268 2383 2510 2963 2981 3051 3569 4036 5496 5950 7517 8929 10437 10490 10611 10630 11129 11318 
32 39 16430 
39 2351 12925 14694 
38 39 48 58 89 110 201 215 592 1020 1417 1587 2383 2469 2654 4270 4945 11060 14416 
39 48 65 329 424 740 1004 1527 
39 565 581 15832 
10 39 48 1163 2199 2206 2573 2603 3338 5661 9348 10420 11213 
39 1585 2132 2926 
38 39 152 170 1154 4650 
32 2048 
39 147 155 185 200 310 374 407 587 604 730 731 832 1011 1027 1312 1362 1557 1578 1993 2382 2533 2596 3423 3503 3672 4269 4632 4891 5686 5802 6448 6449 7107 7410 7698 7714 8379 8655 8875 8945 8978 9046 9050 9326 9327 9328 
896 1903 2524 2595 2882 7205 9155 9907 10510 11780 12962 14933 16187 16217 
39 
39 48 
32 1668 
31 41 48 770 1481 1848 1867 2151 2561 3170 3236 4272 5437 5915 6188 6200 6638 7520 8407 
38 39 44 45 48 93 170 249 592 703 1144 9540 10043 
39 48 
38 39 117 1529 5712 
39 48 65 488 604 805 1417 2630 4975 5143 
9 38 39 41 48 105 228 270 397 446 523 640 649 766 824 956 1352 1591 1600 1880 1978 2523 2933 3012 4448 6286 7176 10909 11051 15675 15981 
5 38 41 228 269 270 281 535 649 675 708 956 1277 1653 1655 2492 2861 2935 2990 3012 3774 5767 6150 10653 13041 
39 41 48 79 979 1280 1350 5651 
32 39 48 123 777 1437 2378 2413 2424 2619 3174 3643 4060 5768 5915 10654 10846 12933 13135 13189 13622 13683 14044 14191 14561 
32 41 48 128 179 209 463 475 812 843 1404 2012 2135 2188 2405 5273 5282 5672 6284 9231 10917 13443 15832 
37 38 39 48 110 136 548 549 622 715 725 754 806 892 1013 1107 1145 1740 1986 2015 2184 2208 2254 2915 3032 3198 4020 4164 4292 4883 5651 7610 9054 9843 9906 10818 12929 14962 
39 373 592 1023 1081 1128 1195 1355 1629 1771 1930 2843 2991 3361 6042 8867 10969 12199 13751 14099 
244 11706 
32 48 185 1435 2350 2469 
39 220 4401 4532 10485 12931 12943 15690 
39 727 1817 5051 
39 48 176 229 258 388 438 612 649 963 1025 1052 1397 1715 2325 2900 3151 3788 4393 8040 14981 16010 16011 
48 89 158 396 604 1166 1397 2383 3511 4377 4435 
38 286 449 1213 4956 4996 6283 8117 8320 
39 809 2492 4731 5949 
39 48 209 675 2110 6003 
48 60 270 271 310 3240 4013 4156 4983 
38 39 41 110 
38 39 48 110 3149 13437 
39 41 48 1024 1146 3721 7673 
38 41 170 412 5338 
32 39 643 2983 
32 39 48 126 664 1327 1464 1783 2819 3057 3503 5465 8754 9093 9447 
39 69 1860 
1329 
38 39 186 338 790 4069 4940 4984 
41 48 1422 1783 2329 3279 4134 5825 5869 6034 7774 10098 10103 10137 10162 10193 
38 39 48 110 310 3036 4615 
32 39 48 148 225 830 2014 2440 2541 2706 2723 4444 4508 7641 8196 
39 793 1010 1860 2110 
7655 
10776 10857 
30 48 68 89 325 571 703 1198 1353 2062 2543 2635 12503 12961 
32 38 39 47 48 785 2378 3617 4251 12929 13041 
23 65 99 101 770 856 1808 1853 2052 2208 3521 3551 3831 3832 3833 3834 3835 
48 546 1422 3722 7296 
38 39 47 170 438 2749 3630 8698 
39 48 310 878 974 2449 4802 5894 11560 12959 
1033 
533 
32 48 65 837 1023 1783 2199 2259 2325 2976 3047 8553 10951 11718 13989 
39 48 1930 10010 
53 1578 5556 5916 7399 10894 
32 39 41 94 178 225 352 464 806 842 914 1363 1722 1859 1992 2269 2437 2991 3065 3582 5021 
6 39 48 341 1579 1877 1996 4774 6725 13210 13461 14651 
39 41 48 276 783 898 1135 4277 
38 39 48 110 242 389 
501 4642 
36 38 39 41 604 3322 12921 
39 76 215 336 544 1030 1327 1403 1642 1821 1986 2033 2075 3272 3871 4287 4358 5358 6270 6709 10927 
533 2864 12936 13075 
39 48 65 89 172 250 270 340 586 913 939 1594 1629 1814 1866 1986 2052 3048 3331 3445 3708 4240 4548 4793 5296 6458 9552 10506 
39 50 258 264 2199 
39 329 330 
344 441 2004 3368 10804 
39 1709 3759 
32 1327 1655 5503 
39 48 426 1771 2240 4615 10259 12945 
2141 2241 2789 4070 
32 37 38 39 110 147 179 225 270 271 286 1714 2238 3019 14386 
39 41 237 827 862 1257 1360 1938 3776 4164 4445 4847 7568 10653 10839 
5 23 38 39 41 47 48 101 176 329 441 535 817 861 913 1096 1475 1538 1903 2741 3151 3239 3660 3973 4067 4486 4753 4978 8985 10818 13043 13174 14933 15175 16178 16217 16290 
65 209 225 271 301 338 426 534 555 612 614 640 649 650 718 993 1020 1639 1763 1829 1905 2141 2238 2322 2425 2598 2872 3100 3434 3806 4424 4460 4661 4696 4871 5729 5976 6251 6630 7205 9150 10510 10542 10551 13625 14017 14098 14099 14221 
258 363 866 2402 2546 2723 7148 
39 
49 708 1001 8109 
9 39 237 274 1143 
39 48 2039 15447 15967 
318 365 848 1315 1616 2900 3502 4029 10468 12411 
269 1217 1218 1281 1397 1485 2026 2100 2157 2158 2870 2934 3322 3501 4451 5278 5359 6014 6114 6150 9643 10352 
39 48 237 269 441 2843 4704 9001 11679 
32 199 310 407 426 533 713 903 1096 1101 1842 1961 2259 2736 3973 5110 5570 9128 9560 9669 9702 
19 39 48 147 192 237 2133 4339 10184 
39 48 101 865 903 2344 2515 2828 5778 6458 
39 41 48 225 
39 249 278 2063 
32 39 1011 2138 2312 2741 2793 3939 4305 4642 
1276 
38 55 2788 13505 
14539 14896 
39 438 1991 2514 2848 
1986 7671 9203 
39 41 48 794 6034 6438 
39 48 85 429 913 973 1239 1275 1585 2199 2220 2491 2831 3264 3552 3717 5358 5493 
39 48 89 405 664 887 1094 2822 4563 10515 12308 13041 
39 41 48 79 147 310 1078 1581 1702 6679 7500 7501 7753 9385 
48 255 275 548 677 824 849 1135 1342 1678 2012 2473 2894 3185 3270 3926 4660 4996 5059 5605 5979 10573 13022 14666 15284 
18 38 39 41 48 89 110 140 449 475 501 533 591 772 783 789 880 1163 1251 1557 1576 1594 1707 1714 1786 1992 2473 2976 3312 3405 3572 3840 4317 4682 5351 7908 9779 10400 10627 11773 13443 14454 14592 15639 
36 38 39 956 2599 3569 4111 12909 
32 38 39 41 48 110 255 475 763 1874 2810 4742 
38 39 65 161 264 1188 1294 1557 1867 2238 
38 39 48 105 225 2671 2997 4358 4767 
32 39 48 384 711 1585 1886 2051 2103 2150 2350 2855 2914 3361 3551 4270 5051 5124 5152 5408 6387 7479 9579 9617 9669 10651 15414 15458 
39 86 297 408 750 862 2238 14656 
1 39 41 48 179 258 261 812 1113 10827 
38 110 570 
2 38 39 286 720 2720 4032 7293 9177 9331 10228 12508 13967 15244 15282 15420 15451 
38 39 41 110 1837 1842 
39 48 173 251 772 817 1344 1411 1576 2808 3129 3465 3510 4695 5640 7890 7937 9935 
48 73 962 1343 2329 2493 5100 
32 39 123 237 396 772 978 1390 10173 
22 32 39 48 865 4485 
26 32 39 41 103 207 374 379 407 489 1826 1919 2009 2063 2130 2184 2188 2242 2357 2817 2995 4057 5289 5315 5925 7205 9758 10792 13060 13328 14006 14933 14984 15219 15288 16217 16227 
227 533 4674 5851 7859 7914 10238 
41 279 601 978 1547 1676 1866 2041 2263 3095 3846 5653 6321 6469 6585 7390 
48 457 718 727 890 938 1004 1972 2235 2236 2540 2543 3151 3346 5172 5271 5527 
48 751 1063 2729 3878 4633 
32 48 3373 5905 13962 
32 227 2254 
17 39 48 193 533 653 1764 1779 1872 2049 2079 2135 3131 3172 4473 4663 5903 6461 8603 10490 10513 10525 10710 11188 
48 948 1135 1678 2147 
39 48 155 1938 4377 4661 
39 41 48 2598 2856 4642 11157 
48 334 945 2823 3323 4889 5027 6373 
32 48 1987 4386 5105 
19 39 48 53 62 65 89 95 258 442 849 1000 1014 1282 1373 1425 1517 2286 2554 2891 3082 3846 4119 5150 8873 12933 14926 
39 264 274 13778 
39 41 48 237 330 831 925 2051 5625 6162 
38 39 41 48 110 170 2343 2673 2836 5029 
39 117 501 910 956 1417 1776 2767 3180 3276 4048 10911 12981 
38 60 65 76 395 824 846 1012 1776 2168 3005 4066 10753 
32 39 5825 7068 
75 96 248 258 284 522 910 1481 1557 2557 4175 4336 5516 13846 
48 
147 229 251 413 464 720 749 973 1004 1124 1287 1440 1763 2168 2188 2383 3185 3194 3272 3307 3677 4147 4148 4149 
41 48 209 479 3458 3717 10447 10548 11877 12065 
39 563 1327 3515 3516 
2343 2942 2960 3848 14980 
48 406 2111 2219 2720 2768 2842 10648 12582 
48 269 2350 
39 576 885 1158 2135 12925 
32 69 
39 41 48 3693 
39 271 
39 41 48 80 91 242 322 535 664 991 1021 1095 1251 1659 1915 2263 2982 3127 4042 4266 5127 6284 6508 7895 10446 10568 11058 11107 12607 12857 12898 
32 39 48 256 684 3345 
38 286 2477 4057 4115 
39 41 48 185 234 237 249 255 365 703 1914 2296 2353 2392 3398 3709 4616 7791 
647 769 1034 
39 259 1327 1585 1698 6709 14508 
10 32 48 89 164 166 683 684 4483 7104 7331 9511 
78 237 408 1057 2164 2471 5539 
38 110 9501 11148 
7196 
38 39 41 47 48 162 175 206 364 458 592 604 806 1067 1425 2011 2369 2423 2983 3142 3551 3638 4703 10276 
39 48 53 65 201 233 237 927 1001 1066 1409 1757 1878 1987 2135 2184 2402 2840 3084 3207 4393 5108 7435 8978 10009 12938 13203 14484 16010 16011 
30 39 41 48 166 310 683 684 698 809 2449 14098 
255 604 14094 
39 48 834 855 3370 5289 
32 65 1688 3867 
39 48 101 632 1395 1473 1799 2376 2792 3309 3759 4959 5870 10069 10070 11105 13045 13094 
39 1783 4407 10868 
0 36 38 39 48 62 89 279 310 338 398 418 566 570 715 783 1052 1152 1342 1517 1868 2681 2976 3104 3324 3751 3964 4017 4134 4833 6532 7210 7692 9779 14116 
32 38 39 47 48 882 1135 2621 3617 9021 12929 
32 39 48 518 661 2329 2430 2599 2664 2800 4361 5593 10481 10821 
18 32 39 418 581 913 2537 3879 14634 15832 
10 31 32 123 225 237 258 271 772 1392 1408 1642 1815 1853 6095 9406 10446 10776 10983 
39 2874 3307 10491 10616 
38 48 105 824 2437 
41 48 2046 2254 2428 4385 8458 
37 38 48 1575 1791 1901 2547 3333 3849 4548 5152 14185 
32 38 39 48 2991 3005 
39 48 2135 5740 7462 7912 8985 9765 15832 
249 710 1148 1488 1786 1836 1848 2325 2402 2855 2987 3751 4972 5378 5651 7310 10397 10420 10990 14006 14431 15033 15062 15132 
32 39 48 136 373 526 549 610 826 1001 1102 2109 2557 4306 5208 7918 13075 14272 
36 38 39 40 41 89 171 237 249 255 432 556 640 764 915 986 1000 1513 1659 2840 3042 3605 
48 6089 10082 
38 39 48 49 170 301 481 570 3774 4581 10745 
39 310 
38 271 2238 2856 3904 
39 267 279 795 1818 1819 2051 3259 3311 
32 38 39 286 
32 38 39 48 249 270 281 390 2760 3349 3884 
41 48 4643 
38 39 156 170 1004 2018 2180 3616 12513 
48 217 249 488 489 500 524 2058 2635 4141 5421 
48 89 260 1218 1425 
1001 1587 2634 2898 3855 5074 12842 12921 
32 12677 
39 41 48 1578 2238 3857 5729 10816 
39 1043 1324 1791 
41 45 248 271 379 535 842 1081 7895 10875 
36 38 764 1659 
39 48 426 1010 1123 1625 2115 2297 2613 2743 3635 6110 6111 6112 6113 
36 38 39 48 49 346 415 494 521 675 1327 2376 4032 4630 5659 7929 7931 8640 
5 39 249 271 888 1004 1063 1264 1352 1543 3409 3451 3577 3799 5761 6307 7267 11191 11471 13536 
32 38 39 41 48 49 170 341 346 390 398 549 587 1135 1964 2012 2861 4891 5007 5059 8978 9276 10438 10715 11749 13291 14040 15164 15264 
32 38 39 56 555 725 1214 4418 
32 48 65 133 271 865 4112 4375 4629 5616 6928 7925 8086 9508 10355 10356 
39 156 2285 
39 48 201 659 660 661 662 663 664 665 666 667 668 669 670 671 672 673 674 675 
39 225 338 343 379 855 898 997 1456 2238 3102 4316 5427 6165 6469 7472 10803 
39 48 215 248 251 255 297 379 413 423 535 789 824 848 1629 1814 1911 2793 2884 3102 3467 4962 7057 9685 9887 
760 3840 10656 10897 11926 12925 13008 15176 
39 393 1393 3659 
36 38 39 48 392 907 1011 2297 6117 8026 
39 48 65 89 1028 1404 2640 2663 4899 7090 
22 39 432 798 846 855 916 1020 1282 1583 1765 1853 1929 2118 2281 2619 2861 2975 2987 3228 3274 3687 3724 4126 4156 4348 4580 5716 5863 
10 27 31 39 48 89 101 362 770 2523 2769 3125 3214 3408 3550 4080 4407 4494 5884 6200 6680 7558 7588 10423 12925 14791 15663 16145 
288 555 678 679 887 916 918 2082 2524 3472 3735 4293 5151 6091 6884 
147 179 420 1471 2025 2667 2821 6184 13068 13829 
15 54 4639 6722 
39 2094 2754 2811 
39 41 48 161 2294 5199 6242 6648 
1928 5025 13314 
39 48 1905 2329 4305 13825 
9 48 49 313 475 589 795 1557 1818 2135 2217 2240 4237 6598 10354 10491 10817 14357 
36 38 39 41 48 357 
39 45 479 2455 5772 13649 
39 48 270 271 3220 4909 5785 5860 7409 9449 11254 
39 48 112 113 374 789 1971 2249 2437 2518 3250 6420 7050 9304 9736 
2268 7849 
32 2623 8343 
39 41 1280 4942 6409 
39 41 48 185 2716 
39 48 441 783 1612 4472 4893 8597 
38 39 48 56 677 4332 4725 8067 10446 11633 11983 12542 
39 48 65 104 581 704 1740 4080 10928 11326 12959 13798 
48 766 1435 1619 1629 2715 3272 3445 3676 3683 4794 6516 7575 13048 16010 
38 48 56 110 171 1309 1831 3248 3270 3630 3964 5147 6356 6692 13895 15033 15453 
259 278 438 10648 
45 48 208 262 413 514 919 1126 1332 2666 3756 4287 4962 5982 10910 10943 
48 53 237 718 1616 3502 10170 
32 237 264 278 1104 1257 1446 1966 2053 10611 
32 39 41 48 264 365 1871 2848 4146 4843 10966 
39 41 45 271 
48 703 
38 39 41 48 840 2489 4285 
32 39 48 225 708 824 838 921 1230 2238 2357 2492 4994 5953 6039 7100 8052 9833 10410 12547 13334 13567 
36 38 39 513 12935 
38 370 371 1590 9617 9669 
32 837 1808 2115 2413 2562 2667 3265 5505 6896 11270 12923 14720 
30 39 237 1362 1729 4294 5023 7252 15618 15798 
10 32 48 267 410 714 1144 1286 1291 3025 3402 3505 3535 4382 4767 15317 
48 3975 7331 
39 147 622 1783 3434 6551 
38 39 1831 2783 9623 11501 
32 38 39 105 152 768 831 4686 
38 170 
39 596 1588 4445 
39 65 413 11608 12925 13082 15150 
48 3314 
39 
48 255 878 948 1536 2625 2633 2634 3074 3416 3476 3577 4852 5703 7041 8174 8542 9501 10315 10491 11026 12413 12503 12925 12929 12943 12959 13141 13174 13220 
39 
39 48 269 367 368 728 2103 4464 
39 479 783 3883 4617 8932 10098 
39 48 310 809 1126 1459 2875 3189 4883 13049 16217 
18 32 39 48 101 225 340 974 1160 1330 1482 2238 2523 2836 3933 5086 6212 6800 6897 7004 7007 9912 13182 13189 15459 15466 16430 
48 418 455 527 566 584 824 1652 1714 1903 2378 3120 3294 3633 3875 4080 5917 6847 13060 16217 
38 41 65 105 892 993 2625 
45 161 501 922 7179 
39 4964 
39 48 4056 
65 681 10635 13174 
185 2239 3142 3933 4397 5026 7598 12473 16167 
39 41 270 
32 48 1206 1323 1627 5283 5380 
41 424 578 766 1339 1990 2561 3065 7996 
38 39 299 371 937 3293 4204 4429 4706 
10 32 39 48 1886 2383 2799 4218 
39 200 
39 40 61 234 330 535 719 1144 1670 5485 5788 6231 7201 
15 39 41 94 270 271 712 1077 1296 1561 2168 3878 5022 13032 13174 14574 15586 
39 41 5177 
39 48 60 65 1101 1480 3464 9740 10828 10965 12732 
39 168 185 2425 4661 5985 
39 48 350 1822 4524 
458 645 932 2100 2201 6401 7794 
932 976 1115 2402 7046 15672 15832 15907 
48 117 956 2188 2343 2424 4953 6151 15222 15345 15471 15497 15976 
38 39 41 536 1529 4707 8435 
41 156 259 301 1143 1294 2369 2474 4272 4282 4389 5142 9088 10548 11032 11761 
32 161 338 364 535 652 1103 1257 1290 1538 1741 1803 2239 3336 4288 4597 6974 8636 10268 11425 13028 15424 15425 
38 39 48 171 225 310 347 370 516 674 694 926 928 1643 1693 1825 1826 2113 3769 4406 4509 8698 9889 12636 12997 13051 13052 13334 14030 14098 
39 48 738 1008 8695 12923 
39 147 186 201 338 418 438 475 514 604 759 1612 1704 2128 2147 2329 2437 8514 9716 10911 14055 14094 
32 705 1163 2033 2934 3888 4842 6469 9501 
39 48 1520 1983 3000 4540 12946 13035 14589 14629 14660 
39 40 237 533 2147 2416 4834 5601 5691 
480 850 1344 6113 6179 
48 89 222 258 403 11270 
41 101 350 415 519 589 604 740 808 916 942 2388 2406 2456 2477 3077 3706 3871 5797 6692 9623 11660 11808 12060 12314 
647 769 1034 
48 269 2674 3089 4207 4580 11130 
32 39 41 48 49 164 225 242 413 432 643 682 805 855 966 1115 1143 1461 1786 1896 1907 1910 1987 2241 2651 2760 2951 2988 3330 5323 5961 6443 6485 7989 9260 9664 10967 12087 12324 12325 
32 44 87 237 249 1043 1045 1046 1107 1384 1385 1702 1764 2451 2495 3046 3062 4740 6364 7988 9015 9195 10490 12999 14443 15525 15526 
108 328 1776 4050 10033 10794 11203 13253 15144 15312 15313 
32 48 151 830 2202 6072 7392 11631 12473 12813 13429 13514 14068 14292 
48 89 344 441 2878 3221 4020 9579 12982 14362 
32 38 1188 15461 
32 3987 
38 41 48 89 110 397 398 571 592 681 783 1090 1404 2597 2958 3535 3537 4029 6716 8978 15036 16010 16011 
38 48 170 370 1143 1210 1592 6443 7316 10540 11332 
32 36 38 39 41 48 179 495 791 899 1027 1072 1086 1146 1555 1585 1715 2325 2902 2972 3151 3160 3221 3458 3586 4034 5512 
39 41 48 807 8015 
32 38 170 371 425 766 1488 1590 
60 904 1561 1890 2492 3194 3642 4272 5339 
32 264 2894 
38 170 242 754 785 797 1498 2299 2406 6068 8836 10480 10768 11276 12921 14061 15353 
192 1185 
38 39 110 10535 
39 6590 6942 
32 751 825 830 1005 1062 1678 2053 2342 2919 11600 
39 48 229 438 2892 2899 4369 6244 6404 11560 11630 12162 12164 
39 41 388 643 1585 1872 1903 3218 
38 39 156 170 204 1302 1404 7225 12939 13992 
32 64 175 1355 1433 
38 39 48 110 
89 185 7935 
39 41 48 60 363 877 1277 1903 2091 2441 2733 3270 4134 4445 4472 5505 10444 10513 10693 11691 
39 123 781 1179 1313 1487 1688 3532 3925 4242 4299 6448 7755 
24 32 41 48 156 352 767 856 963 1148 1239 1587 1739 1859 2004 2091 2364 2471 2891 4001 4718 4971 
32 48 1046 3074 7041 13607 
38 170 13174 
65 433 548 650 676 798 1066 1103 1327 1372 1439 1874 4953 7408 9059 10448 
32 39 408 522 1930 2856 5510 13784 15033 
39 48 49 123 772 4358 8152 12182 
32 78 839 875 1045 2867 2915 3301 4424 5328 5579 5779 5925 8098 11007 12553 13139 
19 31 65 80 147 338 374 488 519 521 605 727 880 927 1020 1277 2079 2276 2434 2523 2907 3903 5113 5221 7205 9540 10491 11012 11027 12666 12847 13277 13533 13658 14005 14109 
38 110 647 769 8878 8947 
39 41 48 549 610 734 772 1067 2879 
32 41 78 256 345 673 
32 48 440 621 649 1361 1417 1640 1693 1841 2383 2554 2673 2792 3007 3553 4285 7214 11337 12462 13041 
39 49 651 664 1343 1638 2748 2855 3520 3760 7337 10188 10837 12925 13443 15618 15659 
39 
117 976 1055 2046 2507 2537 5967 9859 11097 
32 39 41 338 855 
39 48 91 264 405 571 604 759 793 817 831 854 938 976 1547 1854 1939 2176 2389 2440 2596 3202 3278 4070 4517 6020 8203 9418 10446 10551 10605 11158 11261 12317 13060 13277 
1 39 389 976 1214 1459 1701 2554 6387 13603 13616 
48 664 975 2008 2554 3198 3261 
38 41 170 733 2741 4697 9355 9510 
39 125 234 677 1083 1379 2054 2930 7797 8404 
107 136 209 351 377 530 549 913 1067 1160 1740 1922 2154 4149 5406 6469 10116 
39 41 15958 
36 38 39 48 13309 
32 39 475 1704 2656 5360 5362 
39 2168 8985 
36 38 39 
32 38 48 65 110 199 211 286 387 388 464 1071 1973 2967 3842 4127 5560 5784 5962 8068 12451 12508 12575 12587 12604 12607 
39 41 336 1022 1327 8131 
9 23 39 48 543 1004 1402 1459 3221 3861 5037 5287 5486 8691 10420 13248 14597 
32 48 49 251 589 947 1520 1747 2241 2983 3276 5050 7068 13652 
39 48 1010 11712 12925 
19 48 71 89 831 958 2059 2527 3067 7407 8136 11289 11290 12945 13413 13947 
48 374 4843 5848 
39 225 407 1093 1498 1980 2491 4429 4464 4879 4967 5478 6789 11170 12952 13881 13912 13913 
38 39 136 229 371 865 1052 1310 1585 1602 1701 2056 2184 3596 4119 5895 12677 14612 
41 48 3142 
39 48 711 1991 2468 3294 4410 
48 893 1611 2092 4100 
39 79 514 1393 3633 3771 10447 12882 13160 
32 108 548 592 610 1290 1987 2135 4091 4897 10947 11325 11699 
39 48 77 260 535 801 1024 1210 1578 2476 2840 3903 4720 4722 5587 5943 10088 10089 10095 10115 10142 
38 286 
39 48 
41 1738 4405 10692 
10 39 48 89 175 389 567 697 1027 2717 4604 5210 5510 8160 10862 
32 48 78 1046 1343 2254 3576 
237 286 
38 39 41 978 979 1022 1188 1327 2290 4127 5563 5611 
9823 10608 13413 
592 
39 48 1106 1629 3476 
39 2463 
38 39 41 48 89 170 190 261 702 783 1620 1693 1937 1947 2371 5144 6378 9260 9563 
264 812 1483 4424 9407 12925 13229 
48 59 548 2046 3409 4344 10515 13041 13291 13900 15620 
38 39 41 48 110 255 704 974 1146 1173 1814 2166 2343 3127 3353 3983 4208 6495 
39 4165 6250 
41 206 271 405 785 2238 3202 5344 10551 
11 19 39 41 53 97 266 420 583 651 2000 2634 3180 3511 3614 4323 5051 12959 15832 
38 39 41 48 504 1991 
48 53 108 436 529 548 817 1052 1067 1524 2536 2814 3884 6998 8959 9823 12958 12964 13197 13198 
1 39 48 53 161 297 418 453 475 846 1143 1640 1677 1755 2383 2492 3206 6999 9845 10230 14138 
38 39 62 371 498 822 961 1083 1859 
41 1342 2325 6317 8596 13456 
10 38 39 105 260 706 812 1616 
38 48 56 7910 
9 101 147 328 549 772 1394 1404 1417 1435 1711 1747 2492 2916 3130 3774 3987 4214 4698 11296 11420 11794 12980 12981 
31 48 1407 2446 
9 413 611 1159 1824 2118 2211 2891 4502 7938 
38 39 55 71 12943 
39 41 522 722 1425 5570 7114 
12 48 514 944 1075 1130 2242 2958 4857 13002 
32 10910 
32 176 251 321 677 854 885 913 1139 1192 1693 1990 2007 3151 3155 3307 5821 6024 6874 10656 13334 13413 14098 15831 16217 
39 48 89 225 490 735 2477 6776 
30 39 48 62 225 255 422 865 1317 1805 2029 2117 2238 2356 3551 4299 4694 12296 12909 15556 15753 
39 449 3476 
38 48 123 170 328 1099 1698 2117 2124 3676 5002 8924 10423 12037 
32 39 48 4699 
2 48 49 956 1277 12365 15224 
12 258 521 640 704 766 1184 1629 1764 1772 1814 1872 2464 2879 5051 5124 5348 13334 13709 15149 
39 41 48 185 285 310 397 398 766 772 1010 1282 1327 1600 1994 2524 2688 2785 3935 4152 7781 8284 10419 10498 
45 48 62 255 259 413 535 727 817 1004 1600 1679 2393 3151 3465 3653 4113 4718 5580 6190 10073 10513 10809 12933 15418 
41 710 1557 1714 3404 4201 6404 7129 11048 13056 15578 
11 31 32 39 48 76 295 449 549 558 611 662 703 848 1066 1146 1158 1209 1345 1417 1424 1435 1693 1980 1987 2051 2094 2135 2215 2271 2364 2802 2812 3336 3616 4393 4685 5888 6403 12929 12935 12946 14238 14872 
39 301 1417 2810 6553 
38 286 1188 
32 48 574 1146 1320 2201 3616 
39 41 189 228 269 533 956 1600 1990 2489 2493 2934 3036 3774 3912 4527 6851 6995 7876 
39 
39 48 178 270 389 438 1251 2110 2276 2656 3993 
334 13065 13103 
39 48 62 259 1589 2015 3171 4383 9985 10943 12986 13622 
39 201 202 203 204 205 206 207 208 209 
32 38 39 48 56 365 438 1090 3042 4278 5171 10425 10441 13383 
449 504 
3428 
39 41 48 388 560 2043 2464 2630 2687 6011 10119 10516 11191 
39 48 62 101 147 155 229 589 812 1062 1294 1903 1939 2118 3441 5405 7337 13423 14855 
32 39 41 48 194 662 1099 1698 2997 8924 9887 
39 242 533 984 1670 2581 4467 
39 48 711 1578 15634 
66 69 186 388 425 434 592 993 1066 1808 2084 3055 3315 3715 4360 4744 7129 14098 
41 6034 10017 15832 
39 48 458 855 1004 
39 48 389 769 
36 38 244 271 606 4076 4357 5469 10700 11724 12943 15605 
38 39 390 2065 3318 13189 14014 15618 16257 
48 179 380 424 475 563 649 819 979 1010 1290 1450 1923 1973 2080 2119 2378 2620 2815 3742 3879 3947 5769 6461 6777 8411 9231 11845 13464 
39 147 3897 9555 
39 48 89 740 2296 12933 
44 1103 1158 1362 1463 1637 1975 2105 2129 3218 3291 3425 4269 4843 5127 10526 12036 13550 14019 14405 
39 48 184 785 2659 3733 5953 6140 
31 38 39 48 110 1219 1951 3149 4433 4486 4557 
32 39 41 48 65 175 178 185 201 262 310 1146 1642 2075 2406 2856 3616 4177 4305 5248 
39 1116 2223 3693 4654 9727 
418 581 2226 2988 4226 10515 10551 12935 14872 
31 39 41 161 270 875 1146 1425 1578 1612 1640 1997 2080 8730 10605 10653 
32 39 225 1313 2706 5708 
39 41 48 103 179 373 488 536 938 1161 1963 2815 3074 3664 3975 4903 
39 48 101 653 741 744 865 1093 1390 1811 2425 3468 3483 3751 7209 7744 10674 10730 10947 11528 
39 48 
39 41 310 2495 2657 
39 41 413 589 715 785 927 956 991 1177 1185 1333 1361 2186 2769 6777 8691 8730 9743 12973 16156 16217 16324 16325 
18 39 225 640 1354 2184 2472 13152 
203 373 405 555 740 1235 1318 1323 1368 1863 2109 2343 2601 2609 2630 2988 3074 3207 3367 3447 3577 9614 10607 11564 13186 
32 48 272 842 1983 5538 7383 
36 38 39 2239 6428 6450 8840 8930 8978 
39 117 647 1034 2013 2269 2685 2807 2808 
32 41 65 265 373 401 522 527 640 664 774 1344 1439 1484 1688 2963 5305 5363 10651 11857 12027 12036 
9 43 153 271 352 535 755 784 1859 2399 2473 3297 4184 5103 6445 7080 7274 
39 41 271 806 961 984 1067 1094 1172 1786 1909 2663 2868 3921 4517 4720 8068 9758 10434 10442 10984 12042 
31 32 38 48 52 281 405 492 643 808 922 1417 2958 3160 4226 4307 5108 8321 8362 12308 14186 
36 38 389 806 1838 6362 11843 
38 39 110 
39 48 65 89 161 185 3539 
39 48 164 166 225 340 789 1095 2046 2048 4068 4741 5043 5232 5646 10663 12141 
39 48 89 94 166 206 221 249 412 533 682 683 684 757 793 831 969 1196 1396 1416 1489 1816 1870 1930 1986 2325 2345 2458 2796 3108 3221 3259 3471 4000 4696 6031 6191 6585 6833 7766 10551 10568 12415 12473 12951 13007 
618 783 
39 
32 39 41 584 1583 3402 3537 4186 13277 15459 15981 
31 5343 13140 13983 
39 
39 667 3229 7318 12275 
38 39 41 170 1776 2717 4483 5279 13041 
308 661 1080 1146 1269 1378 1379 1591 2366 2617 2665 6302 7879 9365 
1966 3886 7963 9703 
32 39 48 65 89 526 681 1425 1629 1890 2405 3964 4572 5161 11794 12925 13437 
48 536 3502 4298 4830 
32 39 62 225 237 256 623 2464 
39 115 206 264 346 574 1878 2986 3270 3451 4061 4879 6930 11229 14913 14954 
39 41 48 215 291 325 860 1042 1290 1343 1821 2420 2740 2891 2994 3056 3735 4358 4405 5917 10474 10866 12929 13041 13552 
39 1224 2606 6795 16010 16011 
48 225 4344 
33 48 297 569 3365 5557 7260 7687 9142 
37 38 105 1032 
10 36 38 39 41 48 497 1277 4278 4419 4466 7002 10886 
4713 
1 39 48 107 136 621 961 2201 2894 2998 4779 10499 11039 
38 286 14386 
1198 1958 
38 39 48 105 783 1003 1247 2797 3012 3055 10742 11699 
39 48 338 1899 2952 12925 
32 249 555 653 1742 1763 7100 10140 11499 13320 13590 13857 14172 14362 
39 48 89 398 1709 9421 
310 967 1430 3411 4119 
19 39 48 269 397 413 535 715 824 1301 1302 1663 1688 1864 1976 1981 2073 2626 2990 4207 4310 4646 5675 5776 6091 8215 10817 11699 13043 
39 290 681 903 2215 12925 
32 39 41 48 159 334 413 993 1254 1845 1991 2218 2390 3272 4094 4887 5098 5338 6749 8043 9112 10187 
39 48 52 525 1023 1264 1596 1659 2982 3067 3193 3356 4730 5127 6471 6630 7229 7582 10440 10441 11129 12963 12996 
32 48 
32 147 413 640 878 1004 1369 1564 1693 1763 1993 2168 2383 2523 2557 2783 3019 3546 5026 6219 10498 11161 13041 13443 13556 
38 39 48 348 371 544 1247 1307 1735 1736 1752 1851 1859 2281 3245 3259 3638 3881 4064 5232 5338 5577 6607 9181 
45 255 413 1085 1996 3161 3778 14725 
39 405 1693 10515 
48 621 3317 8479 11203 11296 12925 12935 15052 
32 623 760 2056 5158 
19 41 169 310 413 910 1172 1783 1972 3086 4472 7033 10758 13423 15638 
32 48 79 5271 9546 
39 48 65 255 483 649 1616 1714 2297 2420 3451 3531 3714 3790 4982 6830 10901 
11 31 48 210 330 846 922 1066 1209 2350 2501 2566 4628 
32 38 39 48 105 170 279 319 338 421 475 587 1260 1393 2097 6314 
31 32 39 79 185 284 479 527 533 783 865 1004 1543 3776 4061 4661 7472 7520 10579 
39 48 390 413 1395 2133 2238 4201 
269 424 1808 
9 48 77 101 201 255 271 525 543 615 753 824 999 1082 1867 1880 2002 2140 2527 3132 3297 3467 3502 4141 4143 5062 6858 7895 
39 41 73 237 413 1531 1532 1783 1815 1867 2090 2317 2848 4945 12923 16217 
32 
32 48 194 344 1387 2116 5548 10267 15033 
37 38 39 499 8102 
39 41 48 79 103 108 203 282 396 440 445 1000 1016 1022 1504 1585 1890 2147 2254 2270 2437 2630 2734 2900 3246 3408 5023 5297 5403 8317 9843 10908 11671 11718 13088 14935 15659 15791 16010 
19 39 41 48 101 255 1063 1172 1939 2771 4901 5405 6508 16309 16310 
45 4744 4799 
38 110 6522 6656 10474 12657 14972 
65 680 1008 1315 1555 2635 9657 9766 10652 13832 14098 14427 
38 39 41 48 105 790 1134 1135 1209 9765 12959 
5 39 48 208 255 310 396 514 549 777 961 1010 1593 1939 1966 1971 2011 2437 2558 2628 3521 4843 5154 5156 5546 5651 6379 6810 7938 8580 10402 
185 438 464 1102 1987 2820 3086 7895 8160 9054 13022 13106 13231 15680 
979 993 1371 1822 2257 2958 14051 
39 1600 2103 2821 4435 4819 5013 5406 10747 
48 1345 3174 3542 4377 4940 10703 
48 1665 
39 48 2910 3619 7912 
39 91 309 479 492 824 878 1080 1269 1378 1379 1380 1557 1569 1598 1804 2171 2900 2989 3410 3866 4176 4178 4435 4685 4891 4984 5160 5590 6587 6602 6735 9969 9986 10420 10425 10493 11310 11656 13366 14409 14942 15557 15832 15869 
39 41 48 215 310 789 1055 1172 1276 1776 1808 2469 2557 3062 3806 4281 5919 6118 10391 10442 10605 10681 11314 12164 
39 41 150 152 178 914 1390 1479 1543 1670 1741 3630 3659 3848 4613 5821 14933 16010 
209 225 271 338 556 589 1012 2323 2663 3006 3291 3425 4141 4312 5466 10652 12981 14347 14881 
39 48 225 1622 5575 12935 13137 13861 
6109 8982 
39 48 225 255 1290 1715 2062 2242 2375 3178 5085 6998 13186 13307 
38 39 41 48 371 490 544 751 986 1393 1783 1847 2053 2080 2760 6575 9580 10103 
36 38 39 41 48 89 438 6387 13041 15578 
2569 3845 4300 8235 9260 
48 464 
405 1784 2528 2626 10515 10551 12982 13190 
623 1327 2184 2662 4911 6340 9555 
39 48 4563 10515 
39 48 260 522 1113 1174 2822 3604 4385 
107 141 301 549 610 772 809 938 1052 1402 1725 1763 2326 2437 3034 3130 3131 3369 3468 3724 4585 5424 6998 7763 8640 9501 9555 9877 11617 12677 
38 39 41 170 255 261 
39 48 
39 40 48 234 310 1146 10934 
19 279 423 874 932 1597 1976 11560 12773 13153 
65 740 1247 2421 10653 
38 41 48 110 308 413 438 1082 1163 1611 1814 2751 5144 8978 10775 12887 
41 4149 6223 
547 880 2402 
48 107 5641 
37 38 39 89 418 1146 1513 1578 1939 2644 2951 3353 4642 6705 
