5 32 39 48 282 304 310 334 812 856 1819 2075 2164 2284 2353 2479 3311 4105 4285 4332 4696 4739 4740 6173 7189 10939 11276 
39 827 1822 9621 10214 10501 
39 41 48 183 325 397 425 529 573 604 832 947 1246 2182 2389 2994 3354 3735 3799 4503 6004 6803 
32 
48 2769 3724 4038 8964 
1987 2425 2623 4307 4502 5328 6203 12201 
39 161 2370 
18 48 60 449 3321 8985 10804 12087 
209 269 558 3221 3358 4397 4685 5029 
3315 9411 
39 48 49 237 570 2389 3756 5986 6024 
32 39 
32 39 48 242 
32 39 95 379 763 865 1924 
39 41 48 147 237 877 885 1585 1956 3579 6099 10739 13032 13603 13616 15643 16010 16011 16013 
39 49 570 2389 12982 
93 1327 2730 6607 8026 
39 48 203 244 413 475 1053 1146 1250 2440 2866 5449 9541 12983 
48 89 426 1313 2191 2830 4594 4742 5350 8754 
38 39 48 110 331 11326 11337 
39 2402 3130 4705 9705 
39 41 966 987 4995 
38 39 170 604 9413 12933 
39 48 
32 39 96 114 156 179 440 475 548 877 1101 1104 1578 3174 7217 7671 13556 14655 15036 
379 829 1197 3253 6391 
39 48 80 397 640 664 1327 2794 3810 3935 7352 
48 123 475 1350 2392 3607 4030 7600 7895 
48 251 310 387 406 486 824 894 1113 2318 2552 2955 3098 3099 4685 5596 6746 7625 9348 
13 39 41 48 352 424 438 1463 1655 1859 2118 3462 4744 5339 5383 6379 6656 
39 703 
48 849 1012 1311 1344 1562 2628 3291 4157 7819 
48 
9 39 649 706 1596 2893 4524 13094 14098 
39 48 51 331 581 1066 1417 1435 2075 2128 2706 2899 3258 3453 3537 4294 6136 6553 6581 
38 41 48 89 170 201 365 392 1232 1557 1585 1768 2267 2544 2810 3538 4201 5782 6266 6582 9510 9547 
39 48 1435 1655 2502 3312 3361 4362 10543 12929 
39 48 156 793 1120 2153 2951 8774 
39 41 48 65 178 185 201 475 591 660 1146 1291 1355 1502 1826 2210 2243 2812 2958 3616 4774 9617 10170 
48 248 522 7538 11296 13884 
48 591 1052 4026 4945 10033 12508 13095 13443 14347 15832 
32 39 48 206 237 258 310 552 713 783 809 1184 1346 1856 1990 2054 2080 2332 2469 2626 2856 3774 3952 4851 5248 5522 5583 5722 5919 6759 6965 7895 9729 12515 14046 
39 2350 2552 
1035 1132 1542 1741 1986 3094 3950 3992 4198 4613 4614 4615 
38 39 41 48 225 591 1744 3904 
39 48 3079 6857 12925 
186 301 328 405 479 772 918 1082 1198 1603 1851 3844 5918 7587 9228 9235 12083 
2285 10106 
806 
39 41 48 101 289 301 425 829 967 1060 1688 1905 1973 2074 3673 4379 5841 
39 60 
32 199 310 407 426 533 713 903 1096 1101 1842 1961 2259 2736 3973 5110 5570 9128 9560 9669 9702 
39 48 137 138 139 140 141 142 143 144 145 146 147 148 149 
11 39 48 65 89 321 338 441 589 715 809 1062 1218 1357 1722 1826 2364 3317 4500 4642 4708 4945 5783 7205 8411 9907 15644 16217 16242 
39 319 1806 3867 
32 39 41 237 270 664 855 1043 1107 1163 1179 1501 1681 1864 2258 3046 3047 3048 3049 3050 3051 
39 41 48 67 2351 
9 39 48 1978 2357 6012 6034 
38 39 48 150 170 264 340 379 566 572 649 854 916 1141 1254 1301 1445 1489 1537 1578 1842 1938 2140 2505 3221 3417 3425 4105 4223 5072 5666 9669 10082 10674 11018 11840 12081 
37 38 39 41 48 55 1327 8102 
39 41 48 89 236 297 338 764 797 1153 1154 2468 
789 1327 5594 9304 
39 384 817 1025 1397 1602 1872 2506 2596 2808 3161 3719 3897 10568 15164 
39 48 328 2180 4657 5574 6047 
38 2118 2805 
41 48 3581 
147 492 1768 2118 4974 11850 
39 1129 2402 
11 39 48 101 592 755 1122 1668 2383 2851 3614 3771 4057 5210 
677 4124 
0 32 39 719 766 3588 3842 3846 4304 4444 8430 8431 
2993 
32 39 48 6405 9669 
48 664 932 1062 1973 2364 3425 4768 7858 10908 13125 
39 41 48 209 554 571 909 993 1198 2440 2635 2874 3759 4336 
39 48 117 322 495 718 770 976 1043 1121 1192 2130 
40 5238 
39 41 48 438 
251 347 1547 2412 2620 2830 5633 
76 480 485 984 993 1227 1305 1318 1693 1786 1827 1976 2241 2360 2629 2635 2767 3460 3486 3783 4061 4070 4267 5198 6112 6179 6602 9879 11276 11503 12952 15345 15513 
39 60 225 12946 
387 1257 2523 3338 4249 4811 5474 8031 
38 39 48 123 230 237 475 504 1172 1323 1352 1747 1804 2069 2249 2535 2598 3711 3857 4009 4494 4639 4969 4982 5224 5605 5786 6148 6489 8320 9496 10506 12925 12929 13220 
39 41 589 812 2238 6168 6384 
39 41 48 94 285 319 320 379 2051 2546 2831 3074 6810 10515 10551 16217 
9369 
39 48 
18 1315 1316 3370 6520 16430 16431 
39 48 101 164 165 167 357 441 533 604 682 698 792 885 2034 2084 4744 4852 5339 5775 13051 13318 15232 
41 48 65 89 270 271 324 396 494 527 1103 1404 2199 2243 2958 3052 3447 7058 7975 
38 48 170 203 398 587 758 1016 1163 1976 3366 3676 9628 12693 
411 1811 14056 14591 14595 
39 41 48 65 488 529 789 1067 2437 3185 4698 6461 10453 
48 53 89 310 338 845 1277 1393 1715 1771 2402 3214 3342 4291 5381 9062 
39 201 719 13174 16430 
38 39 55 1026 1355 2437 2716 
15 156 497 1814 2164 2242 2243 2517 
32 38 41 48 65 78 117 137 170 338 374 441 543 548 824 976 1327 1415 1679 1704 1928 1978 2285 2383 2524 2673 2741 2788 2810 2876 2967 3118 3124 3358 3572 3808 4084 5419 5664 5784 6658 
36 38 39 48 170 790 2030 5358 10598 13502 13503 
39 41 48 237 8679 9242 13089 16010 
813 823 1146 1886 2714 3170 3616 4889 9402 
48 285 2118 13089 
32 379 544 581 618 880 926 1867 2968 4144 5539 5968 12298 14025 
39 589 714 1699 2792 3093 7279 
51 117 421 570 2046 2951 7756 8219 10568 11624 
10707 10881 
38 39 390 955 
36 38 41 110 2184 12685 15832 
39 48 2997 3374 6017 6068 9541 14178 
41 48 65 134 200 204 301 544 606 759 1003 1356 1359 1708 2015 2138 2281 2380 2417 2596 2891 3730 3827 4157 4911 5152 7707 
39 48 79 138 297 331 638 766 788 1058 1121 1139 1408 1624 1789 2524 4177 6035 
39 340 508 6028 7589 10141 
32 38 351 370 790 2353 2477 4307 10195 
39 41 48 107 548 604 611 664 783 961 1067 2238 3761 4464 4969 
39 48 101 147 574 590 961 2008 5557 12677 13032 
16 48 242 1592 2760 2761 3596 10128 
39 48 225 260 401 1862 1920 2109 2118 2215 2965 3149 6359 10453 12858 12946 
39 48 475 2297 2387 3012 4272 5700 5943 
39 270 271 3619 5531 
15 39 107 108 431 548 856 1052 1800 1803 3011 3157 3884 7396 7938 9111 
23 39 48 89 117 249 740 793 940 941 993 1144 1860 1895 5317 5624 6353 9843 10443 11434 
39 101 203 589 807 812 1062 1312 1903 1922 1945 2118 2186 2746 2813 2891 3160 5405 6508 10440 10441 13423 
32 39 48 249 576 626 1604 2239 2514 3499 4859 5405 5741 6508 10653 15009 15052 
39 244 1643 1644 1976 3540 13652 
39 41 875 1744 2678 
39 48 338 2207 5091 5570 5848 10943 11580 
19 39 48 65 151 209 237 407 486 487 533 885 1001 1704 2364 2476 3784 3788 5074 5358 5566 6624 6892 12925 13054 14926 
11 19 39 41 43 48 438 589 978 1062 1393 4532 4658 4975 5406 7775 15084 15273 16430 16431 
39 48 89 94 101 150 310 570 604 646 763 820 831 976 1014 1020 1393 1585 2263 2625 2654 4004 4501 6409 6742 7207 10304 10546 11050 11560 12996 13021 13055 15608 
1595 2052 14386 
36 38 1595 2208 
39 41 48 65 213 541 1196 2458 3451 3581 4650 6530 
39 222 335 396 772 789 947 976 1001 1048 1113 1252 2352 2561 4362 6303 6439 6508 9501 10446 
39 48 
39 41 270 
62 2211 7821 13041 
32 39 1327 1344 2749 3083 4739 5568 5962 6173 12517 13175 
38 39 41 48 170 185 229 269 382 397 447 621 824 1005 1102 1183 3119 4556 5385 5589 6119 7858 8514 9952 10904 12963 15330 15696 
32 38 39 48 110 133 255 398 3565 11296 
32 38 41 48 103 110 189 389 396 835 910 1146 1257 1593 1675 1976 2117 2697 3616 4666 4779 5569 
39 41 48 258 475 1199 4236 5062 
1489 
39 41 522 8385 
5490 7112 
39 41 514 1182 1344 2375 12640 
48 249 643 662 997 1363 1853 2030 2393 2395 3583 7607 8069 8070 8071 
39 48 79 938 
39 41 322 515 516 1308 1994 2306 2464 2623 3035 4209 5461 6165 6753 8144 
10 2193 6200 16198 16217 16310 
39 41 48 147 179 319 320 436 570 687 694 723 797 1153 1327 1385 1591 1804 1870 2063 2920 2962 4833 5245 7988 10442 11252 11307 11308 
38 55 334 338 5897 7967 12378 13052 
1682 1740 2316 3512 4195 5040 6997 
68 548 
39 48 76 266 413 533 641 1578 2187 2371 2524 3514 4070 4193 7082 7430 8730 9541 13394 
48 1677 3048 3795 5737 8959 9302 
38 39 147 270 286 475 1996 6898 
32 39 41 475 627 1484 2288 2289 2290 2291 2292 
39 264 427 1257 1783 
123 291 533 1587 3372 5248 7316 
38 39 48 110 257 475 1004 1272 1956 1971 1972 2046 2770 4003 4314 4315 4741 5380 5435 7270 7475 7676 8305 8831 9073 
39 185 449 824 1010 1327 
2 38 281 15205 
39 310 651 682 684 1165 5175 6387 11799 14098 15832 
39 48 449 1578 
38 39 41 48 170 1838 
48 534 927 1318 1594 2610 3150 4787 13052 13082 13520 
2474 4381 6268 14252 
233 849 850 1288 1360 1604 1607 1769 1852 2054 2554 2831 3343 3476 3805 3925 4877 5950 6554 9123 10480 10831 13098 13313 13784 14347 
12 48 185 420 548 766 824 1392 2492 3510 3762 4589 5074 6716 7932 9082 12491 
32 39 41 48 89 129 255 357 367 368 408 491 552 559 560 561 562 563 564 565 566 567 568 569 570 
48 117 155 201 242 272 349 570 584 927 1400 1425 1499 2096 2164 2719 3099 3364 3411 4087 4334 4350 4839 5351 5465 6183 
39 48 269 1344 3323 4897 6574 10445 
38 39 47 48 79 454 846 1234 2383 
36 38 39 41 48 151 161 597 1327 1996 6104 9509 9589 
37 38 1791 6326 
32 38 48 49 128 170 201 250 418 558 614 702 703 1611 1789 2211 2271 2437 2869 2915 4148 4512 4741 4880 7472 10442 10444 10731 12657 12935 14872 
38 39 41 449 604 1067 3005 4841 12959 13041 
48 51 3362 
39 48 96 107 548 549 570 610 961 1060 1067 1481 1984 2207 2532 3237 4282 
825 
38 39 56 697 1010 1269 1361 1379 1791 2172 2174 6586 7879 
39 247 405 490 650 740 1003 1344 1393 2072 2858 3505 3903 4209 5755 5817 9169 10457 10684 11295 11371 12168 
39 48 89 209 260 604 650 1710 1973 2654 4363 4812 8985 14628 14869 
39 1031 8884 
32 1481 1986 9203 12757 
32 38 39 48 56 105 623 6881 12928 
48 96 229 1340 1899 2493 2607 6003 6126 6267 6387 6845 7208 9662 11222 12585 
11 39 41 79 310 535 573 718 1043 1276 2254 2681 3500 4472 5948 8437 8636 
39 41 1069 2810 
39 402 1144 1692 3581 8121 
472 6195 
643 681 694 820 1043 1132 1537 3136 3966 3992 4013 4220 4424 5074 5937 
3034 
438 911 4070 11064 11065 
38 39 48 55 123 225 1964 2224 
44 6781 7209 13366 
23 32 39 48 1072 1503 1817 2792 
32 36 38 48 188 305 407 828 1451 1837 1896 1945 3886 5757 6386 6893 9209 13530 15618 
38 286 
39 
37 38 39 48 3750 5859 10410 10414 10505 
39 41 48 175 270 271 572 1144 2406 5503 
19 39 48 93 98 534 543 604 615 720 1964 2191 2284 4589 11600 14098 
39 89 1408 2240 2513 2552 2598 2629 3180 4070 4572 4642 9637 10656 10939 
6 39 48 222 264 411 675 947 1578 1755 2259 2270 3265 3460 3531 3596 4219 7885 8168 
38 127 170 643 963 4189 7068 7176 10214 10535 12951 13189 13577 14098 14656 
39 48 2990 5646 6068 
48 107 229 548 1067 1481 1483 2663 3092 15791 15832 
39 41 45 2374 
39 48 84 185 2306 
39 41 48 65 581 5054 
48 251 563 1218 2194 2810 
38 41 390 478 1004 6869 8985 
48 527 1642 
39 41 48 1113 2182 2334 2701 2764 3321 3353 3850 3886 3979 4137 4142 4655 
32 39 44 48 535 878 1126 1773 1804 2132 2436 2666 3638 4466 4640 5931 8451 10232 10515 10532 10561 13151 
32 38 39 48 170 310 1956 2064 2168 2285 5358 6965 
38 39 170 750 3292 
39 41 433 2792 5381 10129 
48 49 102 264 280 301 1435 1489 3504 4213 4642 4989 10908 11404 11476 
39 48 249 449 541 911 1144 1327 2018 2314 2567 2629 2733 2899 5306 7425 8160 8904 
48 475 1781 1951 10579 13174 15412 
41 470 677 1008 1562 1990 7989 8137 15618 15666 15832 
39 48 956 5913 10911 11309 
39 48 104 968 9555 10588 14008 
41 48 278 555 636 653 1003 1425 1469 1742 3486 3742 4144 4218 6810 8705 8706 
36 38 39 48 103 237 267 666 764 805 1811 1842 2881 4832 5346 6128 14635 14736 
32 39 41 103 129 246 270 334 701 1138 1308 1344 2238 2447 3503 3708 3853 4654 4677 4877 5034 5411 6698 7289 7592 7593 7594 
48 179 2046 3635 5051 10419 
39 736 1008 2634 2915 3462 10410 
39 242 377 598 2326 2759 3323 7097 
39 41 225 703 1327 5477 
10 32 39 41 48 79 
1615 7646 11798 
48 2958 12994 13743 
39 48 454 1382 3033 4891 5875 6602 15983 16010 16011 
255 2793 
39 41 48 79 103 266 734 1776 1833 2775 3292 3660 4666 5782 10568 
39 48 3357 4209 10444 
38 39 48 64 248 790 831 961 2566 3354 
39 48 89 185 379 1663 2619 5124 10425 
48 65 649 865 963 1558 1678 2135 2167 2350 3294 4075 5701 5912 6598 11460 12036 15826 
39 41 48 185 249 337 740 1387 1609 3270 4134 14933 
39 65 200 1141 1308 1327 1990 2137 2168 2313 3952 
39 48 237 297 789 2430 2891 3124 3270 
19 36 38 39 48 79 89 102 170 264 310 812 1041 1140 1217 1545 1599 2101 2238 6437 6674 8031 
38 39 48 65 70 100 110 203 261 270 271 623 703 798 1101 1185 1305 1615 2135 2734 3410 4367 5569 7588 11616 12925 
39 261 1071 1931 2486 5405 5905 7396 12991 13032 14326 14894 15643 16359 
39 338 766 1105 2218 8030 
39 2238 5728 
2 39 1564 2550 2687 3127 3423 3424 4841 10499 10902 12999 14068 
39 48 250 766 2169 2351 14804 
26 39 156 806 5487 
1066 3294 
41 48 226 605 770 973 1232 1739 1872 2025 2117 2215 2813 2814 3292 3333 3467 3612 4007 4698 6614 7727 12242 
2 9 38 39 48 66 94 186 237 248 251 297 322 331 475 585 589 653 697 986 1188 1281 1407 1807 3120 4048 4883 6098 9606 10515 11718 12054 12727 12837 12929 13543 14071 14098 15659 
38 1188 1538 
38 39 48 110 271 789 2150 
39 48 289 734 1817 2399 6656 6851 7524 10017 10294 11676 
32 39 48 1444 2075 
237 1578 4444 7516 
27 32 39 1043 7518 
39 41 48 60 161 171 476 1146 1956 2486 2895 3047 4503 4940 5069 5086 6302 6828 
39 40 48 103 541 2669 3319 
32 39 41 147 179 3157 
39 65 604 7068 10017 
32 39 379 488 4606 4607 
38 41 48 110 606 1121 1618 6244 
65 419 522 660 958 2421 5570 
2 38 65 256 338 371 464 653 1600 1948 3511 4006 6998 10006 10481 10682 11039 
39 
48 710 3361 4208 
48 978 979 2344 2909 
32 48 560 1435 1585 7117 11794 
39 48 426 619 713 714 740 1053 1198 2069 2323 3946 4823 4826 4996 5668 8479 
36 38 39 48 217 599 1344 1474 1579 1744 2378 2528 3295 3420 4753 6630 7284 8740 10453 11512 12395 14074 14098 14677 
75 237 423 1021 1786 3835 
39 48 101 386 475 615 621 677 772 855 2026 2468 3221 6276 7153 10568 11557 
48 640 1307 1376 1463 2576 2938 3024 3127 4882 6201 9242 10412 10501 10558 10593 10980 
36 38 9859 12952 
39 237 544 835 1230 2064 
39 48 389 438 449 581 2329 2723 4959 6270 7975 10444 10651 13179 13255 
39 48 497 798 2815 7718 
39 117 347 1791 2505 2888 3315 10583 
9 48 75 117 248 341 411 425 522 552 927 967 990 1103 1198 1435 1593 1677 1804 2241 2269 2598 2673 3109 3404 3510 4070 4295 4357 5210 5421 5915 7190 8748 9433 10717 
39 80 423 930 1066 1444 1486 2056 5158 7068 8074 11161 
39 201 4412 7425 
1679 1713 2080 2793 3676 4720 7604 12621 12855 13334 
38 1784 1838 3005 4064 
48 76 213 973 1939 2753 4064 4403 10475 10515 10551 11317 
1264 13413 
39 2769 
39 271 334 
48 3301 7989 
32 38 39 105 286 842 4339 14077 15832 
32 37 38 39 511 11841 15832 
89 659 1081 1815 2649 3722 4813 10444 10487 10995 
39 41 50 413 766 1274 1305 2276 5742 6462 10414 
32 39 2061 2931 
39 48 2528 
32 39 449 3964 
2351 2688 2689 
11 39 48 67 68 89 185 310 571 1376 1503 1527 1837 2135 2861 3867 6010 7107 7173 13174 14040 15578 
38 39 286 903 
32 39 43 48 89 887 1578 2792 8978 16054 
38 39 48 92 185 213 242 272 475 790 817 914 1198 1209 1361 1570 1824 2663 2673 2808 2839 3410 4880 5628 7429 8270 8924 9010 
2238 11254 
11 282 301 345 393 423 754 2107 2245 2492 2652 2909 9349 
38 170 225 718 1043 3324 
2867 10680 11937 14056 14065 
76 265 278 310 759 951 1101 1264 1291 1372 1396 1454 1595 1652 1977 2171 2299 2634 3292 3591 3609 3848 3906 3908 4363 4805 5162 5287 5618 6592 7152 7239 8628 10433 10548 11539 11615 
32 48 677 1655 1738 2075 6405 7739 11124 15323 15466 15983 
9 30 39 259 270 271 301 781 1641 1987 2252 2464 2965 3827 4026 5151 5968 9012 9843 13209 15160 
32 39 
32 39 48 798 890 9532 
60 65 402 413 424 604 711 911 2629 11840 13318 
10 25 36 38 39 41 48 110 258 264 529 718 1619 4389 
39 48 346 570 606 927 1342 1655 2399 3609 3742 4691 4753 5346 11505 
32 168 229 1257 2916 4042 10796 10930 11943 
9 19 39 420 1547 1709 4631 
32 39 41 120 475 747 1146 3616 4067 6533 8587 8662 8663 
39 41 48 161 225 597 604 1121 1327 3793 5950 10611 11537 11644 
38 39 48 286 488 833 2043 4377 9695 10386 12925 13291 
165 166 489 682 1854 3021 3621 4299 4396 5453 7950 
32 48 242 259 334 433 687 1120 1152 1396 1600 1736 2515 2528 2987 3668 3877 4048 4524 4833 5701 7999 10515 10967 14098 15397 
2418 3675 5761 5860 
739 1113 1315 2001 2954 7272 9657 10515 10900 12925 14098 14222 15036 
48 740 1004 2065 2370 2502 4309 5292 6767 10555 11952 
39 201 
39 48 171 3186 
32 37 38 39 41 48 504 546 574 1172 1907 1939 9664 9669 10414 10420 10490 10525 10771 
39 48 89 161 201 259 413 1111 1122 1161 1246 1393 1585 2521 2684 2915 3220 3259 5919 10380 12406 13132 
48 8982 14040 
37 38 39 48 89 94 170 208 298 449 479 591 798 939 1051 1052 2987 7938 8760 
1877 4812 
39 320 447 703 1268 1939 2191 3160 4026 6264 10568 12946 15832 
23 48 976 4945 10440 14102 
23 39 1395 3532 
4875 8815 13300 15618 
39 1173 
39 
10 39 1408 14830 
39 48 1342 2534 3840 4201 5266 5325 6376 7089 11936 16405 
32 39 260 535 652 719 764 801 1024 1210 1476 1538 1729 1822 2018 2043 2284 2505 3964 4034 4318 4479 8411 8559 10425 10796 11926 14098 14112 15028 15083 15084 15107 
15618 15987 15992 16010 
39 48 2952 6896 12980 
101 334 1076 1084 5672 6031 14063 
184 379 909 1336 5384 5961 6675 8806 11600 12641 13123 13188 13204 13208 13212 13239 13240 
12 38 39 170 237 577 2283 10170 
39 45 48 65 425 888 2716 3502 3751 3759 3771 9501 12491 12512 12517 12607 
48 70 101 384 541 641 1872 2126 2180 2202 2535 3577 3756 5002 5018 5158 7554 9555 13285 13334 13600 
38 39 3005 
11211 
32 4843 
1251 1776 2041 6481 7219 14031 
16 38 39 110 170 237 286 365 1008 1250 2166 4069 5937 
39 48 1517 
32 39 48 123 708 1187 1771 1934 2286 2378 2663 2689 2726 5092 7020 8288 
39 48 441 2080 3313 4952 6533 7688 14101 14225 
38 371 3005 8730 16217 
11 39 48 179 255 301 425 491 740 1043 1919 2315 2763 2958 5492 5569 10175 10939 15419 15437 
48 61 598 704 824 1422 5330 
48 251 340 449 500 533 592 921 1000 1183 1641 1807 1976 2297 2490 2511 3761 4411 5948 8245 10648 11221 12985 
32 39 
39 706 2191 6999 
48 156 2402 3935 4166 14545 
39 41 48 205 803 4418 8240 
39 334 856 1393 3973 8423 13153 
5 31 48 396 489 494 903 1232 1313 1408 1677 3978 4552 5887 
39 89 464 2568 3924 4883 7312 
32 39 48 186 282 418 420 475 649 673 809 1294 1388 1404 1971 2323 2383 3405 4472 4801 5346 7041 8168 8288 12512 13193 13443 
39 65 2380 2382 2383 4872 
39 41 48 65 310 346 407 412 570 1103 1543 1834 2064 2080 2819 5762 15471 15832 15835 15857 
39 1890 13189 
38 39 110 286 396 771 777 2361 2471 13413 15033 
17 11578 12956 14102 
39 48 229 310 759 1282 1994 2524 2717 3191 3402 3412 3827 10442 12693 
38 39 56 292 824 1121 1772 4953 5487 
309 310 1146 1378 3078 3616 3995 4607 11630 12773 12925 13041 14475 15397 15578 
39 48 54 89 136 250 398 975 1280 1297 1524 1786 2027 2267 5910 7871 7941 10283 10444 11768 13508 
32 39 48 4072 4124 4636 
38 39 48 78 1727 1877 1996 3292 6034 
41 48 123 215 659 751 911 1523 1769 2069 2276 2624 3385 3404 3412 3795 3912 4217 4856 4857 5126 5563 6075 10284 
366 1144 1641 1659 1875 2436 2997 3684 3700 3851 4402 6034 8049 8050 
39 48 621 1547 4300 8973 15638 
1147 1680 3226 
662 12795 
38 39 48 65 102 150 193 199 965 1727 2857 3270 3523 4524 5820 6881 8010 8284 9679 12905 12946 
39 48 89 248 272 664 1318 1360 1361 1693 3318 3320 5038 6940 
32 38 39 48 790 983 6251 8991 10453 
985 2350 7603 10546 
48 783 2876 3861 5315 6965 7191 9151 12693 
39 48 53 65 123 248 570 589 820 887 1315 1861 2550 11067 13222 
32 39 95 101 185 201 204 261 544 723 916 1404 1513 2942 5647 5686 9555 13079 
48 228 501 561 938 956 1095 1309 1868 2338 2519 4643 6141 6203 6886 7180 10442 10593 10702 11569 
2351 2751 4756 
39 41 
32 812 956 4604 
39 41 48 76 101 987 2813 10505 
7331 
19 32 39 41 4447 5064 
32 39 41 48 258 766 910 1991 2177 2476 3778 4244 5048 8004 14933 14953 
48 260 460 541 760 931 1293 2743 3721 9061 
39 48 648 1680 1681 1682 1683 1684 1685 1686 
27 32 41 189 566 1015 1165 2103 2115 3371 3638 
48 98 108 201 208 467 470 1678 1991 5074 6031 
36 38 39 238 578 1400 4272 6739 9570 9581 
32 39 48 185 479 547 592 2399 4024 4170 15634 15819 16010 
38 39 48 89 110 164 237 533 681 785 848 974 1068 1847 3021 3055 8277 
39 1318 
18 24 32 38 39 41 48 62 66 89 105 737 740 1435 4473 5322 
32 39 48 89 237 727 875 2482 2938 3150 3253 4269 4489 5259 5651 16010 
78 2786 11240 12946 
39 155 213 272 418 533 835 843 1360 1862 2231 2580 2596 2958 6682 7535 11191 13452 14284 14933 15436 
41 48 78 270 851 1229 1249 1807 1951 9617 9664 
39 1071 2915 3968 12943 15634 
39 41 112 175 270 271 8978 15353 15618 16010 
39 48 225 249 255 310 341 395 798 909 1030 3052 3546 4165 4317 10446 10930 
48 423 2118 2122 
32 41 161 1001 4756 
39 41 1344 
39 48 237 475 479 529 831 1035 1103 1393 1609 2284 2505 3304 3742 4277 5968 6587 12219 13056 
39 41 48 1990 
39 12925 
39 48 261 338 1476 2958 3094 3145 3253 8100 
38 170 479 2382 
260 438 497 759 1071 2091 3835 7279 12646 
32 39 48 270 467 527 639 1000 1298 1360 1600 2356 2458 2515 4792 5467 12671 
32 2601 5323 
39 48 49 2925 4626 5821 
39 2877 
39 544 548 1444 2540 2674 6239 8867 12686 
32 48 749 846 1214 1327 1536 3358 4720 
39 185 259 411 604 789 806 1393 1786 1901 1996 2838 2843 4260 4536 5041 8867 12929 
41 127 179 185 233 237 277 387 396 412 513 577 697 718 1101 1104 1362 1387 1489 1578 1741 1787 1842 2022 2058 2097 2625 3160 3294 4629 4779 5439 6279 6546 7364 7472 9260 10019 10420 10491 10516 10525 11110 11135 11255 11347 11774 11849 
39 225 660 1930 13079 
39 41 48 175 563 766 2177 4157 5729 8978 10645 10818 14098 16010 
30 32 39 48 60 6227 
4416 5656 7219 
48 65 420 487 592 1031 2476 2573 2823 3722 3784 4424 4889 12842 
9 48 77 101 201 255 271 525 543 615 753 824 999 1082 1867 1880 2002 2140 2527 3132 3297 3467 3502 4141 4143 5062 6858 7895 
39 8273 
29 32 38 39 41 48 225 237 449 3904 7671 8516 8906 9001 
36 38 39 48 237 2091 4344 
39 48 1404 
32 39 166 254 682 684 783 1063 1081 1755 3504 3533 7569 
38 270 390 1355 8730 
32 39 41 48 810 1113 1424 1444 1461 1513 1546 1702 2644 2673 2846 3940 3966 4779 6212 11206 11207 
32 39 48 147 1054 2276 4989 13060 
39 48 123 197 310 441 1540 1984 2521 2524 4857 5020 5782 7057 9666 10305 10484 12036 13135 13443 13494 13498 
407 1086 1459 3280 5982 7447 
76 433 434 555 2364 2528 2713 4832 9510 9617 12508 13334 14098 14478 
32 255 
38 504 1052 3856 
79 464 2239 3052 3858 
39 9555 
5 32 39 65 69 136 195 201 251 479 755 760 1001 1191 1263 1454 1826 2873 3035 3480 3866 4113 4316 7129 13068 13109 
39 547 1178 1960 
1 39 65 4381 6591 
39 48 201 341 603 645 880 1275 2416 2809 3632 4389 4886 5382 5439 
209 
39 752 3006 14347 
39 41 48 310 10422 11525 
2 39 40 237 1098 2353 2468 3623 8343 10635 
39 48 89 409 649 2012 
32 38 39 48 1344 1393 1404 1593 1727 1947 2384 3854 4047 4130 4427 4428 
31 39 48 78 89 164 165 347 386 544 682 1068 1127 1880 3338 6387 
0 5 12 24 39 48 270 310 334 561 796 812 1156 1809 2337 4105 4337 4340 6006 
2558 5248 7457 10811 11372 
32 39 48 2150 13454 
39 91 220 434 832 1275 1572 1574 2337 4293 5857 6217 
32 39 192 237 697 768 1253 1435 1545 3799 4489 15514 
31 48 413 449 459 2542 3132 7088 8631 13041 
39 41 48 147 571 716 4297 6293 6642 6643 
1714 4977 8978 
39 48 418 459 2343 2893 3361 4035 4177 4269 5661 7373 7878 12946 14832 14872 
48 2867 10423 13557 15618 
48 284 362 460 535 548 765 1063 1292 1997 2681 2763 3391 4217 6135 7463 9029 9147 11164 
37 38 5239 
39 41 1067 
32 1344 
39 1116 2223 3693 4654 9727 
39 41 185 225 740 807 1909 2140 2954 2958 3207 6916 7231 10731 10753 11158 
48 237 314 490 587 830 926 1012 1159 1933 2363 3431 3836 3858 4037 4269 4524 5835 6276 7869 10510 10804 13016 13019 
299 331 332 448 528 749 984 1056 1227 3411 3462 4002 4026 4286 4346 4347 4348 4349 4350 4351 4352 4353 4354 
39 456 962 1382 1414 2543 3336 14735 
1987 3810 3964 5884 13684 
1715 1884 4202 6133 
39 41 48 60 408 438 622 1561 2091 2147 2539 3147 5416 
19 39 41 420 2492 8093 11765 
39 98 107 206 592 759 1897 1991 2054 2337 2436 2519 4049 4340 4718 4790 4890 5074 6419 7114 11600 14347 
103 511 911 3510 4899 5169 6637 15988 16010 16011 
39 1638 2329 9547 13714 
39 41 48 328 392 862 1486 1872 2769 4589 
32 41 937 1031 1431 2355 3981 5334 5364 5936 
39 249 254 718 1027 1043 1489 2858 6840 10591 
48 101 420 1313 1922 2238 3324 3354 10515 10973 14073 
9 19 32 117 201 310 434 653 1144 1588 1697 1811 1925 4262 4383 5304 6118 7227 10443 10606 10792 10952 13149 14098 14367 
32 39 16217 16218 16236 
37 38 39 41 48 103 175 225 310 1026 1146 1354 1355 1783 2238 2471 4949 8730 
347 1404 3946 8158 8159 
39 170 1037 
39 41 48 584 769 956 1038 2222 3924 9135 
32 39 48 89 413 547 837 1067 1594 1600 2238 2612 2721 2910 4170 11051 11060 
39 1537 4000 4203 10132 
41 48 1919 1939 2343 3859 3860 
39 41 48 451 1120 1472 3452 8972 8973 
39 156 8909 10635 12117 
32 48 52 425 490 1010 1081 1435 1557 2344 2357 2550 3001 3245 4636 5267 7321 
38 47 48 156 713 805 2058 4113 6656 13088 
9 38 39 43 48 96 150 170 201 555 704 890 980 1763 1899 2327 2425 2528 2982 3096 4115 4336 4595 5328 6201 6383 7020 8596 10515 11519 13148 
19 32 62 65 89 459 839 1393 1688 1863 3271 3320 4393 5850 5859 6268 8985 10106 10538 11483 11717 14069 
101 126 175 301 1703 1990 7674 7823 13041 15060 15077 
36 38 39 570 675 1004 1252 2593 4389 5614 10453 11161 11338 12946 
39 48 225 270 1604 4771 12064 
39 48 649 1178 1960 10605 
39 48 49 147 256 413 427 444 760 1004 1018 1884 2011 3292 3312 4112 4263 4720 4903 5336 10574 10943 
36 38 39 
41 272 604 1629 2990 3308 3494 3735 3907 3977 6189 
39 49 338 475 522 1158 1481 1570 2014 2154 2399 3086 3409 3608 3742 7205 10554 
9 222 423 1012 3425 3742 4929 5346 10527 10556 10652 12984 
48 66 117 208 227 267 384 438 533 727 772 1178 1313 1445 1465 2269 2561 2633 2856 3046 3977 4354 4643 4778 5067 5598 5650 6410 6665 7141 
39 48 494 783 1143 8325 
32 1704 15618 16010 16013 
116 505 653 857 869 1708 1819 2669 3311 3535 3537 6214 8978 10470 11191 11326 14098 14242 
39 48 208 338 398 533 576 824 4493 5554 7895 11699 11841 
39 48 1448 
39 67 604 1859 
39 
39 41 48 438 2284 3616 10105 
32 48 612 2786 2990 3859 10562 
38 39 65 110 2285 
39 41 48 497 806 1094 1327 4363 5248 7646 12333 
3808 7003 
39 48 229 271 14099 
39 45 2864 13154 
38 39 41 275 591 604 790 1355 1821 2199 7554 
48 89 237 338 379 731 736 768 804 909 914 980 1281 1360 1390 1653 1784 1834 1838 1842 2111 2314 2472 2870 4351 5248 5998 14005 14040 14055 
39 55 
39 41 48 123 310 432 746 1344 3759 6999 11788 11862 
41 48 668 750 1063 1392 2792 
32 48 62 730 1015 1025 1056 1112 2050 3540 3541 4158 5042 7271 
12 48 89 577 2666 3808 5181 13041 13270 
39 48 60 244 264 409 1302 1848 2375 2569 2891 3026 4207 4981 5104 5127 5571 5675 6062 6356 6590 7514 13034 14098 14361 14439 
37 38 39 41 48 55 110 374 490 966 987 1570 1761 1856 2083 2240 2242 2657 3579 3952 4070 4178 11603 
39 156 310 342 490 1867 2113 2527 4270 10677 
52 351 389 3279 3370 4819 
1580 3740 4573 6894 6909 7313 
37 38 157 2353 4307 10616 
32 39 48 10128 11615 
10 161 2383 2861 4686 8691 
38 207 370 535 3369 4389 4393 5142 6643 9646 10653 10789 11099 14551 
48 62 200 259 549 961 1121 1158 1393 1578 2383 2831 2987 4201 4792 8579 9059 
36 38 39 68 785 2476 9001 
60 186 237 249 310 548 1479 2064 2891 2902 7214 8575 
48 365 825 916 1072 1074 1557 1867 1879 2080 2492 2669 3207 3776 5594 6063 6751 7205 8010 10474 
38 39 48 170 384 664 6804 
38 41 286 664 
41 53 189 251 956 1049 1146 1209 1393 1939 2767 4698 7454 
39 48 89 237 240 475 950 1362 2951 4382 4565 4566 
552 1198 1403 2726 7095 7096 8211 8794 11736 
39 48 69 312 552 1642 2797 3474 3676 4172 5072 5104 5661 5874 15595 15798 
341 347 467 488 774 3467 3912 7520 13010 15205 
39 91 317 903 1459 1489 7082 9717 
38 48 170 5144 
32 41 248 1197 1307 1395 2574 2994 3735 4176 5340 5982 7352 8508 10474 11730 13041 15738 15739 
39 41 161 309 389 682 683 849 913 993 1048 1380 1872 2654 4621 6418 7153 9643 
39 48 179 490 570 572 649 723 824 825 826 827 828 829 830 831 832 833 834 
48 89 123 279 543 717 967 1004 1121 1644 2062 2187 2286 2663 2786 2815 3420 3502 3802 4435 5618 
38 286 
48 89 251 261 401 413 878 1004 1564 1867 1989 2168 2375 2523 2557 2783 3546 4546 4625 4995 5026 5336 6219 6680 6717 7227 7229 10498 
32 53 65 75 420 759 772 926 1274 1363 1390 1417 1483 1537 1574 1964 2523 3574 9835 
48 229 449 766 876 2876 3363 
39 727 855 1616 8150 
48 49 8985 
976 2384 4351 14777 
39 41 48 696 1903 11466 12508 15700 16093 16176 16191 16192 
39 48 49 101 368 1936 
48 704 1013 1025 1435 2471 2596 3550 
501 2064 
572 
38 41 156 170 179 255 328 425 671 1327 1536 1814 2208 3159 
199 384 623 1733 1936 3153 3799 9613 10024 12929 13303 13413 13454 15249 
39 48 710 1655 4073 7082 8218 9580 
38 48 170 669 740 
39 103 137 178 350 420 783 3684 
15685 
39 41 48 225 271 664 1003 1021 1235 2481 2834 4336 
39 48 93 123 255 871 2812 2814 2815 2816 
41 77 855 
32 39 2238 3577 6583 
39 155 272 301 989 1934 2468 4345 
38 39 41 48 511 543 1018 1081 1966 2855 3119 3151 3409 3904 5414 6155 10717 
39 41 242 271 6919 
934 11414 13329 
48 78 10491 
38 39 48 110 155 589 956 1062 1068 1880 1881 3068 4141 16242 
32 3571 
32 39 1045 4658 5406 7193 10766 
9 39 41 668 1115 2656 6722 8934 8985 9377 
39 41 48 271 824 1615 1806 2367 
39 48 831 3860 4813 4896 10653 
39 147 
32 39 48 427 
77 4305 5152 
255 690 1145 1930 2343 2537 3236 3983 4587 5703 7400 
396 3465 4856 4857 10515 10651 
32 39 48 815 1752 1787 1833 2040 2633 2650 2741 3028 3090 3205 3418 4091 4132 4625 5767 6503 8373 
39 3279 5348 
39 570 2843 2896 3742 5346 
32 1956 11305 
1987 5001 
9 107 571 695 831 1071 1568 2118 2635 4122 5143 
39 48 89 101 229 467 829 1342 1395 1603 1789 2237 2621 2783 3879 4145 5608 6905 10543 10720 
338 479 824 1407 2371 2493 3101 3270 
39 48 50 107 339 1486 1593 1698 1865 1909 2011 2039 2263 4698 5641 
39 65 90 640 874 932 1324 1852 1909 2137 2178 2283 2286 2968 3094 4336 4342 5452 5538 5546 7033 8816 10841 11129 11631 
41 48 171 403 505 885 922 1489 1986 2065 2184 2212 2946 3402 3510 3537 6852 8838 9758 9907 16217 
39 44 45 48 533 1327 1587 1770 1900 3134 4617 4618 9060 9426 10103 10164 
48 148 225 475 546 1585 1604 1627 2464 2619 3118 3276 3400 4249 6512 7510 
32 39 79 225 410 413 829 1144 3058 3573 4567 4836 7746 12036 
32 48 1568 10623 12925 14347 
38 39 48 76 370 490 785 1249 4265 14942 16010 16011 
39 48 205 1137 2562 3980 4945 13032 13930 
32 39 41 48 878 995 1327 1585 2151 3813 9183 10475 11580 
0 30 31 32 39 41 48 186 270 271 310 334 544 649 671 795 812 1395 1666 1818 1819 2164 2284 2353 2597 3311 4105 4336 4340 4739 4740 6173 12973 13017 15659 16405 16430 16431 16438 16439 
49 824 1341 4430 6050 
1014 1390 1547 2343 2913 3409 4048 4700 4801 5653 8248 11505 11629 
39 1609 2188 3850 5869 14933 15612 16010 16011 16013 
5 9 117 254 425 427 442 458 535 761 976 985 1246 1275 2169 2604 2793 2987 3028 4058 4123 4174 5178 6112 7057 11129 11503 12558 
39 41 48 89 298 1113 2150 2749 2877 2994 3099 4344 4439 9032 10653 11252 13041 
39 48 215 1987 2065 3964 
39 13192 14124 
48 289 319 1121 1260 1987 6303 9540 
584 785 1962 
1 38 39 41 48 110 172 200 284 570 741 743 751 1899 1914 2651 3178 3569 3872 3946 4382 5755 8885 10210 
39 3771 
32 1930 2879 
32 38 39 41 48 89 170 203 475 479 570 1455 2812 4207 5943 
25 32 39 271 869 1731 2109 2215 4572 4813 6624 10656 10939 13267 14703 
39 41 48 147 2393 3157 3682 3817 5074 5947 9248 11017 11475 12551 
39 412 
39 
39 48 824 2118 4570 
32 41 79 420 2546 3840 4015 13122 
31 38 790 4144 5342 11378 
39 249 438 441 479 894 902 905 1475 1538 1655 4134 4823 5489 5931 13034 14855 15406 
48 65 147 215 237 342 363 640 793 927 1043 1051 1060 2046 2506 3106 3272 3539 3759 4563 4643 9907 10491 10525 10789 
310 522 544 569 1616 1701 2259 3177 3476 3855 3880 4590 4810 5172 8550 10087 
38 39 41 170 647 2745 3135 3690 4583 4678 5071 5228 5262 
39 48 65 107 185 237 267 271 549 855 1146 9214 
270 276 1115 2514 2524 3266 4055 4470 5786 5908 6139 6714 
39 
39 48 195 340 445 1096 1372 1986 2168 2343 2441 3533 4113 6460 6751 10515 15340 15819 15832 
48 664 791 1570 2395 3579 4279 8508 12929 
5754 7646 10195 15602 
38 279 286 5962 
6 39 48 50 76 82 124 341 362 413 571 789 808 912 1027 1439 1624 2241 2417 2446 2511 2662 2667 2834 2865 3840 4170 4336 4751 4890 5738 9384 10484 10491 10525 10910 11030 11031 
48 185 2127 6630 12925 
38 39 41 840 7731 
319 1008 1228 2239 8694 8695 
475 1158 2912 4627 
45 68 4779 7429 9471 
38 39 110 210 547 1016 1114 1960 2437 5248 5409 13874 
39 48 52 190 191 193 204 1677 2243 8235 
32 39 41 64 98 136 201 203 362 488 1067 1124 1139 1293 1678 1991 2235 2242 2337 2555 2864 2879 2966 3343 3945 4049 4340 5716 10419 10446 10611 10636 
32 1045 3316 
10 11 31 32 39 41 48 235 264 395 432 449 548 549 1209 1232 1239 1344 3553 3866 4339 5001 5496 6358 6413 8268 9385 10885 11491 11523 11573 11579 11643 
39 48 213 338 2208 4017 5248 13734 
555 2963 5712 11831 12938 13203 
32 39 48 424 533 942 3294 4285 13035 14652 
32 39 48 1459 2375 3415 5865 7991 10588 15872 
39 48 789 824 1113 1675 2907 3742 6574 14006 
793 1568 
1358 2926 
39 41 48 87 255 408 768 1327 1702 2480 2785 2821 2998 3776 3964 5297 5863 7107 7687 9489 12151 
39 48 220 399 416 1297 
32 39 41 48 225 262 270 271 432 497 1783 1790 2115 2238 4571 6145 7083 
48 402 3623 8103 10535 14501 
11002 
39 41 48 440 548 675 793 926 961 978 979 1230 1600 1847 2259 2767 5096 5122 5865 7112 9403 
39 48 570 861 1715 2168 2267 2423 2468 3280 3317 3504 3947 5248 5510 5583 
39 79 647 769 9407 
11 39 249 1417 2170 3125 7683 15832 
201 260 664 1536 2554 
1715 2294 5588 
23 32 48 76 101 176 552 807 817 925 1779 2054 2569 4595 4883 10971 10972 10973 10974 
39 48 1153 1154 1285 
523 5581 10603 
32 39 261 290 413 558 643 994 1799 4708 10513 
39 270 272 379 589 866 979 1393 3759 8731 10633 10926 10976 
19 39 48 54 169 544 736 914 1277 1327 1588 1834 3938 4230 4465 4472 7683 9695 10459 11840 13291 
30 39 41 48 65 79 138 271 340 571 713 1016 1435 2056 2408 2783 2965 5729 8317 10184 
592 14019 14096 
37 38 39 48 1714 1736 3034 3410 4969 5994 8737 
38 39 55 
39 171 234 236 238 242 1327 2177 2284 2505 3294 3315 4200 7319 
39 49 
41 48 89 101 649 1064 1227 1249 1290 1404 1797 2457 2607 2626 2892 3052 3160 3221 3980 4204 5229 6138 9297 10045 11476 12553 
32 169 1072 
32 39 48 76 688 1803 1824 4841 5323 10568 12996 14591 15832 
237 966 1308 1362 3425 
38 39 110 808 1082 1158 2624 5144 12714 13246 13915 
39 48 259 577 1596 1611 1842 2314 5528 9095 13062 
39 48 65 89 92 244 255 301 309 379 399 407 414 422 488 603 758 772 942 1032 1080 1121 1229 1233 1379 1380 1598 1827 1938 2243 2793 2876 2880 2914 2987 3194 3502 3515 3886 4227 4265 4419 4493 4625 4676 4730 4731 5060 5948 6603 6838 7050 7975 8231 8443 9356 9762 
39 234 236 237 242 249 740 2689 3270 4200 10155 
1704 2382 2694 4220 5048 7000 11178 16010 
39 48 384 916 1107 1393 1585 2536 2673 5593 10132 12308 12429 14099 
11 39 48 249 565 740 834 1513 1543 1877 2041 2091 2381 3875 3973 4067 4187 6547 8575 9508 10077 
39 41 147 264 369 424 438 699 1069 1533 2034 2608 2916 4357 4360 5358 10437 10980 11130 
41 48 89 208 239 264 270 301 475 570 663 806 909 1327 1344 1638 2161 2728 4899 
39 48 1814 
39 48 95 357 479 797 1153 1659 1897 2982 3709 4310 4392 4730 4804 7582 10651 12963 12996 13543 15036 15728 
39 117 271 
39 41 271 511 647 740 4065 4278 6910 11759 12951 12959 15618 
39 420 465 522 1214 2174 2382 2906 4127 
32 41 270 284 351 389 581 791 824 856 947 2091 2130 2608 2745 2763 2892 4112 4536 4764 4903 5597 7373 7413 12524 
36 38 39 48 170 1816 2150 6309 
38 39 48 110 329 
39 79 781 806 1055 4764 4913 5272 6343 8092 10444 
39 48 406 824 1750 2842 3408 6810 14786 
32 41 48 175 237 903 1355 2350 
32 38 39 41 48 120 273 347 829 1727 2046 2533 2635 3412 4719 4964 10656 12503 
39 89 12925 
5 48 2186 4167 
38 39 48 55 101 479 
39 41 1296 1990 12925 
4720 13788 
32 39 80 94 150 251 539 913 956 1004 1089 1160 1600 1982 2080 2292 2329 2771 2788 2800 2961 3487 5151 5356 
48 128 1027 1996 4075 
48 76 384 2227 3881 14098 
39 48 604 914 983 1562 1611 2317 4552 
39 48 89 108 136 187 229 270 271 438 1736 2323 2749 3240 3246 3488 4325 4883 10623 14367 15589 15620 
18 38 39 41 48 89 179 271 297 341 390 413 1178 1202 1214 1219 1388 1407 1588 1618 1708 1783 1815 2040 2174 2446 2558 2958 3225 3763 4008 4161 4202 4433 4486 4681 4940 5318 5515 5710 6092 6691 7023 7211 7212 
10966 
39 41 43 225 237 286 413 5782 
38 39 48 152 161 170 913 1135 1153 1285 1715 7609 
78 229 2164 4788 4789 4790 
38 39 41 47 48 340 387 697 1360 1446 1619 2033 2240 2241 2473 2629 2919 
32 39 48 66 270 271 475 636 649 1656 2210 2238 4256 4439 5135 5556 5712 9750 10480 10533 10831 10932 12184 13122 14019 14034 
48 78 1440 1546 2724 6677 7062 7611 
39 41 310 415 438 675 684 698 812 1846 5175 6387 11799 
39 48 64 488 1564 1576 4319 8277 10442 13017 
32 48 271 1951 5633 8029 
39 48 550 2668 3291 3343 5570 15436 
48 2350 2495 14143 
595 1903 7205 7923 7951 10510 16217 
39 41 48 533 
32 147 525 781 910 956 1872 2196 2519 3783 4513 5514 9150 13443 16218 16430 16431 
36 38 39 48 681 
48 213 384 656 2479 3035 3206 4556 
510 2541 3083 6353 
156 422 595 1001 1095 1814 2164 2338 2437 4171 4340 4363 5358 6795 15028 15618 15981 16010 16011 
39 48 282 813 1442 2665 11794 
32 36 38 39 41 175 842 2541 3083 15832 
39 41 101 673 1603 4017 4148 4694 7235 
32 38 110 
39 225 783 2023 4174 5164 13122 
39 260 416 884 1925 4624 13979 
340 2906 2981 3721 4164 
39 399 664 883 897 1994 2874 3310 5360 12997 13141 13577 14018 14221 
32 39 129 297 1138 1819 2469 10753 10947 
30 41 48 969 1053 2420 2995 4642 4643 
41 65 271 763 2528 2808 
38 39 48 55 235 427 1060 1761 4643 11635 
32 110 3091 3616 5314 6591 9426 10162 10170 10216 
39 175 421 806 1025 1629 2424 3151 
39 41 48 272 533 604 
39 
38 326 2176 2805 4989 11858 
39 404 593 703 3596 4407 6126 10798 11067 12547 
91 373 859 1764 2364 3722 4996 5051 5538 5751 
39 41 48 584 905 3575 5874 8553 
39 48 101 380 2147 2299 3851 15036 
39 1121 1779 1991 2385 
39 48 205 2122 4448 8068 13048 
39 48 793 1393 5323 9260 
39 48 101 147 185 192 260 340 548 824 1989 2080 2364 4306 4342 4433 4953 5465 8919 9621 10446 14791 
39 41 48 52 65 66 79 225 310 865 989 1121 1144 1360 1598 1642 1964 2154 2682 2740 3168 3208 3228 3467 3682 3722 3948 4022 4198 4207 4266 4624 4996 5363 5486 5729 6725 7905 7975 
38 170 475 1978 6746 
38 39 48 55 
39 48 89 586 664 2393 10487 12925 12929 12943 13174 
772 5210 5282 15832 
39 48 209 270 2927 5143 6998 9718 
39 3588 
32 2006 6128 
38 41 110 1765 1831 2568 2709 2912 3160 4087 7646 8730 
31 39 41 48 133 310 438 795 932 1219 1547 1818 1910 2284 2505 2514 3311 4433 4486 4940 5943 9021 
39 41 48 341 396 1277 1562 1602 2563 3270 3271 3292 5355 5418 7500 8777 10490 15514 
48 201 211 552 555 851 985 1779 2048 3431 5080 10483 
39 2052 
10 41 48 65 1568 1659 9641 
39 48 604 1693 2060 4698 10523 11840 14162 
31 39 48 53 89 234 297 384 681 728 887 1146 1392 1794 1997 2214 3470 3616 5138 5618 5819 6106 10716 
38 41 48 170 235 1609 2166 3858 16217 
39 48 65 141 438 1000 1115 1417 2079 3079 3321 4145 4185 10493 11717 12062 14362 14370 14385 14405 
32 39 48 533 1218 2164 2525 2958 4388 4580 6150 8134 9940 
39 48 147 527 856 1442 2191 2229 2281 2434 2729 4143 4940 5962 
39 196 201 6397 10478 10568 
32 48 94 337 514 547 576 1275 1585 2528 3668 3756 3765 4446 5127 10876 12657 15879 
12 39 48 824 3440 
32 41 48 161 438 1638 2021 4615 
32 225 472 1329 1986 4557 5154 6148 6536 
2746 4288 7542 7561 10653 
41 48 101 610 652 770 833 1067 5352 5860 7016 
32 65 95 396 440 615 1027 1102 1569 1600 2423 2822 3579 10568 10739 10804 
39 48 681 13120 13832 
41 48 424 2375 6670 11033 11629 
39 48 60 201 289 389 522 766 1135 1146 1218 4494 4939 7735 8099 9894 11067 12986 13817 
334 533 718 1373 6587 7375 
39 41 48 114 147 184 198 310 623 653 692 727 753 1146 1415 1422 1624 1646 1677 2350 2469 3435 4357 5248 10132 10526 10597 10687 10753 10868 
38 39 45 48 123 267 437 535 659 1478 2008 2168 2805 2884 6218 
39 41 48 103 175 842 856 1146 1393 2749 2767 2991 4899 
39 48 464 2468 2843 
39 48 123 291 824 5271 
2 123 244 479 1014 1096 3023 10555 10818 13089 
66 1129 2032 2528 4606 4607 6573 11318 12365 12512 13067 13162 13164 
48 89 267 2170 
32 78 604 3335 5790 
32 151 2238 4344 
74 502 1886 10548 10911 11695 
32 39 41 48 89 11992 
41 184 468 672 1337 2254 3061 3067 3215 3300 3553 3677 3880 5701 
32 13008 
32 48 14872 
37 38 41 179 229 381 392 849 924 1188 1214 2052 4284 5352 6164 
18 261 425 533 534 681 4133 4588 
39 242 1966 3395 3573 
39 365 2518 4579 
32 664 1107 1154 1384 2495 3877 11799 13189 15711 
843 7514 10873 13056 16217 
39 41 48 52 101 213 433 589 899 1333 1598 1602 1896 2118 2420 2783 2891 3194 3206 3441 3533 7157 7337 10230 10543 
39 1415 4548 
39 41 48 186 310 811 1198 1393 2129 2440 3903 12207 12478 12515 
39 48 1408 1714 3015 11032 
691 1840 1974 3644 
32 65 155 260 288 301 652 812 896 1393 1704 1878 2191 2199 2692 2931 3182 3827 4824 5492 5764 7763 9510 
32 592 5866 
39 41 407 4344 
41 48 1140 
32 48 101 529 1023 1119 4318 9038 
38 41 281 350 1269 7144 
13690 
38 39 48 55 249 1520 1591 1837 2058 2399 2760 3884 6136 7276 9579 11615 15232 
39 48 1309 
38 110 
38 39 48 170 1146 4660 11923 
98 251 1897 1991 2215 2337 2542 2795 2876 2966 3221 3343 3616 4049 5112 5603 12952 
32 2218 2758 5790 8580 8881 11690 
39 117 522 789 813 1393 2506 2733 3462 3923 4351 4556 4650 5350 5647 7020 13543 
18 39 48 61 68 89 164 165 166 167 249 422 475 533 604 684 740 757 793 809 913 1082 1196 1277 1489 1677 1715 1899 1986 2684 2688 2792 2795 2796 2837 3108 3840 3870 4000 4494 5296 7766 9395 10448 10568 11799 12951 14942 15076 
32 48 78 108 179 185 1313 3314 5703 6358 11122 
11136 
164 166 167 225 242 319 320 684 1020 1540 2084 5339 6190 6231 8506 12882 12910 
255 1984 
48 78 282 913 1442 3006 
48 1135 3923 
32 1693 2115 9555 13741 14034 
32 39 12933 
32 39 48 75 228 246 282 1396 1562 1603 2069 2118 2538 3264 3331 4908 6112 7647 9925 10132 10446 10451 11234 11283 12060 12466 
39 48 483 1185 1232 1285 1882 3926 3953 4256 4383 7472 7744 8428 8867 10481 12982 13197 13238 
48 155 779 788 883 991 1155 1448 1545 1625 1693 1698 1731 1736 1873 1973 1990 2634 3161 4080 4449 4976 5369 6614 10651 11026 13241 
39 812 849 1220 1589 1783 2672 5958 6713 6777 12925 13443 
39 438 1589 9169 
39 48 294 2371 2734 4640 4959 5626 10923 
101 128 196 372 1002 1807 2426 2933 4650 4685 6590 
38 65 89 114 133 201 279 730 790 1758 2127 2468 4307 6777 14107 14163 
2 11 38 39 48 52 170 267 390 570 5356 5516 7014 8241 8983 
39 536 566 1180 4556 6553 
41 824 5758 7202 
36 38 39 41 604 3322 12921 
48 694 914 941 
32 1596 2327 2519 7495 10268 
39 41 79 225 664 772 1227 1853 2523 2879 2961 4317 5857 11037 12214 
18 32 39 41 50 66 206 309 475 485 544 686 728 1080 1178 1192 1203 1233 1269 1378 1379 1380 1659 1702 1772 1815 1918 1936 2046 2168 2321 2425 2552 2867 3372 3373 3914 3930 4008 4184 4403 4698 5610 5774 5902 5936 6318 6668 6842 7677 7678 7679 
32 79 101 865 1158 2965 2988 3912 4756 10551 12200 
38 39 41 48 370 2810 13041 13530 
10 39 41 48 82 116 175 264 438 464 1355 5315 
39 48 1188 4589 
12 30 31 32 60 76 129 141 258 310 341 759 1004 1638 1693 1808 2316 5059 5406 10564 10581 12959 13263 
39 48 1415 2201 2470 
1557 4397 
388 406 423 489 500 2390 3343 5765 10457 10536 10741 11564 12503 12508 
39 363 1481 1594 4312 4557 4771 6532 10551 11555 12278 14325 
237 432 2029 7479 7520 8211 11807 11826 
48 264 310 342 426 718 1043 1817 2115 2723 4201 4263 4643 4804 5423 6586 6858 7098 7975 8636 13291 
48 824 1773 10470 10522 12925 
48 1781 2561 2628 3451 
39 48 271 301 475 806 1250 
38 39 47 48 56 171 594 734 810 1424 1428 2344 2673 7763 12943 15303 
32 103 225 249 479 649 16155 16217 
32 740 
41 48 610 1989 3907 4254 6218 8025 
39 225 
39 48 1020 2186 
38 41 110 175 464 1188 2786 4344 13041 
32 117 226 297 345 364 488 535 878 966 1025 1082 1232 1600 1980 2135 2561 2665 2907 3270 3676 3841 3925 4161 4166 4357 4682 4911 4964 5708 6111 7207 9062 13318 13464 
48 948 1135 1678 2147 
38 110 
39 2583 10685 
9 48 223 379 718 1043 1819 1842 2065 3311 8668 
32 36 38 39 48 52 110 258 271 345 424 947 1113 1619 1976 2038 2333 3102 3416 3696 3930 5304 7068 8730 9501 9921 11296 12654 12921 
15 65 89 1327 2214 3827 4524 14098 
1973 2544 
36 38 39 48 527 606 1404 2225 2952 
147 623 967 1236 2051 7166 10184 10568 12254 14883 
32 38 39 41 48 89 269 281 523 533 535 956 1364 1591 1653 1880 2193 2271 2486 2493 2523 2669 3012 3309 3774 4093 4850 8985 9579 
31 39 48 674 938 1015 1232 1250 1348 1638 1740 2157 2408 2831 3409 4106 5465 5546 
48 78 225 310 349 975 979 1393 1792 2164 2763 3227 3253 3337 3870 3973 4241 4642 4889 7308 
14854 15813 
32 38 39 41 787 790 1609 4582 14933 16010 16011 
38 39 48 215 237 832 885 984 1066 1312 1619 1638 1956 2147 2388 2792 3768 3854 11058 11712 14186 
13322 
38 39 371 772 2469 4285 4953 11060 
48 258 
39 41 79 1559 2977 4037 4283 4345 
38 39 48 267 314 371 475 583 675 1694 2135 2709 3949 6518 7160 8428 9278 14795 
1183 
4380 
32 39 475 1704 2656 5360 5362 
38 286 1529 1549 3549 
38 39 114 340 412 535 578 649 812 956 2109 2805 2901 3605 3951 4364 9348 10467 10594 10595 12449 
39 48 408 2843 14099 
39 41 1010 2238 3942 4485 
39 97 279 1466 3511 5651 5801 10140 12164 
39 41 2987 3074 3405 5358 7227 
31 40 48 52 234 236 413 467 549 574 649 772 1198 1530 1542 1838 2186 2303 2306 2840 2898 3317 3504 3539 4310 4336 4613 5257 5607 5781 7822 8566 9964 10493 11295 11371 12189 
18 39 65 604 675 739 816 846 907 985 1146 1393 1828 1896 2177 2238 8268 9585 
441 449 804 4650 10595 11937 13090 14046 
39 441 885 2391 2834 8924 
32 39 48 108 185 205 319 447 460 548 799 813 1426 2843 4502 11012 15611 
32 41 48 438 812 2659 3021 3616 4221 4744 5339 
32 38 41 48 110 2634 2815 13190 
32 685 785 1973 3345 4733 4734 4990 14038 14355 
38 39 41 48 147 790 1146 1590 3868 4207 13088 13557 14894 
39 126 604 4363 
9 32 41 48 78 325 475 623 1067 1146 1593 2033 2187 2370 2476 10074 10195 
1318 2420 3696 4270 6136 6458 15484 
48 3098 
38 170 2555 5598 12983 
204 488 570 808 1677 3806 4636 4698 6748 10490 10525 10875 10995 10996 
22 39 41 48 237 1425 1475 1538 4067 5427 5970 10463 10818 12585 
201 765 2208 2701 10460 
39 48 103 200 264 856 1209 1568 2811 4056 5194 7481 9381 9669 
32 39 
2606 3064 3174 3464 14006 16010 
2235 9068 15640 
39 48 1527 4105 4723 13322 
32 39 48 4472 5041 6214 
39 60 128 301 464 929 1369 3579 4164 4335 
38 39 110 6765 13080 
41 424 578 766 1339 1990 2561 3065 7996 
14539 14896 
32 13231 15832 
38 39 41 48 249 390 1004 1144 2296 
32 41 65 101 250 700 766 1166 1173 10297 
32 39 481 549 730 740 1564 2053 2371 7744 14120 16010 
39 
38 39 48 379 1727 3194 
39 4144 4899 13405 
39 48 225 271 740 2167 3143 3594 6125 6136 6407 
39 48 12935 
1111 4369 
48 242 259 334 791 987 1096 1658 2515 4524 4705 4973 7576 10440 14098 14833 
32 243 812 882 1161 1393 1884 4037 4323 4358 10346 
155 213 405 503 1327 1333 1555 2546 2635 4625 7272 10515 10777 10910 12982 13303 
22 39 48 102 307 391 831 887 1657 2677 4166 4776 5083 5546 6492 9348 
39 229 289 346 414 1679 2235 2236 2239 8886 10623 12929 13174 13313 13784 15357 
89 393 1882 2043 2647 3116 4383 6273 
15827 16154 
2 18 38 39 170 
3756 10568 10860 14665 
39 65 69 1239 2388 2833 3167 12982 
10 39 48 351 837 1070 1924 4589 6011 13443 16010 16011 
39 48 310 1659 3691 4723 9952 10453 
39 48 9806 
48 271 575 791 795 1179 1818 1819 2749 3311 4740 5037 6173 9082 9311 10128 10483 12621 12996 13700 
1920 2118 8946 
153 5019 14411 
39 52 65 215 757 1327 2476 2573 3120 3895 5558 5566 6037 6091 6249 6475 6486 6630 10410 12128 
32 197 215 272 365 413 424 565 589 1062 1714 2763 3464 4240 4468 4655 5874 6224 10828 10966 11351 
39 48 570 1478 
39 105 599 
38 39 41 110 1814 3005 5986 7583 8983 
31 39 41 79 103 249 475 975 1089 1233 1543 2182 2316 2594 2661 2662 2663 3046 4661 4889 4939 
32 65 
39 48 395 1046 4396 5246 9669 12508 15252 
32 36 38 9419 
39 425 612 829 882 1482 1598 2043 5771 6190 
31 501 1362 2150 4642 5236 
11 65 341 408 533 563 789 961 1024 1277 1352 1375 1404 1884 2054 2756 3713 3759 3855 7558 7635 10866 10969 11471 12951 13695 
50 59 65 115 128 201 301 363 399 426 535 615 779 878 916 987 990 991 1000 1004 1005 1332 1459 1791 2327 3577 3756 3851 4524 4871 5752 5835 6270 7769 8867 9703 10443 10474 10493 10568 13015 
32 39 48 155 256 903 1308 3724 4733 4734 8136 
39 270 1425 
32 39 48 204 438 695 958 1468 1505 1715 1775 1918 3113 4149 4187 6586 6737 6956 7265 
48 1345 3174 3542 4377 4940 10703 
39 1827 2218 2250 3202 3644 4929 13041 
39 48 
1282 4385 5027 
3288 9676 9677 
39 479 1676 1931 2512 2723 2879 4938 5243 6554 10653 10920 12672 13242 
41 48 859 1227 5050 5272 8691 10623 10691 10710 10840 
38 39 41 371 538 560 581 583 707 1497 2593 3896 5164 5282 12082 13043 15832 15871 
39 48 878 1134 2223 3058 3059 3907 4568 6545 8990 9316 12981 13432 13790 
48 264 412 446 592 1141 1417 2673 3641 4883 10453 12654 
39 1481 14634 15798 15832 
351 365 511 
18 60 147 184 378 405 475 500 604 808 997 1004 1065 1282 1421 1772 2147 2473 2539 2856 3047 5492 5708 5757 6284 7146 9397 10515 10917 11491 13725 14108 14827 14881 
48 8325 9065 14885 
39 1678 
38 39 286 4764 
32 4027 12929 15832 
39 48 828 865 2768 2942 3279 4779 
39 43 179 260 566 824 1714 2599 3294 4698 5830 6112 
39 48 101 255 258 1628 1640 4029 
1209 1479 1481 4556 
2894 11823 
38 105 8989 
9 39 48 310 604 703 708 851 1081 1318 2051 2075 3409 4582 5124 10515 10605 14098 
39 48 74 133 740 1435 5159 
32 39 812 
9 48 65 101 244 514 599 1308 1561 1693 1881 2976 3186 3773 4141 4146 4292 4536 5076 5782 6582 7951 8075 9356 12943 16077 
39 41 155 539 651 783 1564 2186 4488 
242 350 407 503 740 
