39 1146 3616 
39 48 2749 
677 1462 1989 2273 2301 2893 6112 6377 
39 48 65 89 172 250 270 340 586 913 939 1594 1629 1814 1866 1986 2052 3048 3331 3445 3708 4240 4548 4793 5296 6458 9552 10506 
39 
38 43 48 105 185 310 571 984 1704 2843 3324 4393 4424 11157 14025 14058 14098 
39 48 103 345 416 1004 1313 2202 2891 3882 5496 6128 10448 13190 14609 14712 
19 39 41 48 65 161 396 548 581 667 961 973 1498 1808 3253 3635 4059 5407 6018 8128 8777 9719 10635 11114 11304 13302 
17 39 48 133 169 237 271 1693 1939 2546 2629 2983 14098 
32 229 821 1670 1807 1987 2352 
39 41 48 76 115 229 348 441 910 956 1538 1762 1805 1994 2328 2550 2623 2833 3067 3172 4409 4896 7676 
32 48 155 186 855 940 966 1275 1854 2437 3157 3264 4664 7125 
32 38 39 41 47 48 246 2118 10818 14617 16010 
32 48 753 979 1160 1744 2713 3102 3146 8489 
45 664 
504 1596 
32 37 38 39 48 129 164 165 166 270 340 583 682 683 1095 1693 2046 2048 5043 5232 5646 10663 13429 15377 
39 41 48 410 526 989 2900 6132 9095 12951 15544 15863 
32 36 38 41 48 170 225 271 379 479 589 1077 2364 2687 4883 9150 12996 13130 13382 15302 16311 16397 16429 
39 48 449 9555 
39 48 264 812 1027 1209 1808 1910 2787 3964 10830 10914 11480 11481 
19 48 534 1196 1257 1277 1423 2267 3228 4087 
39 48 345 407 691 783 989 1393 4127 4373 4488 4872 8043 14707 
39 41 10775 
418 2091 2166 2402 
39 604 2926 3402 3535 3537 4203 4265 10444 
32 41 48 65 310 1146 2250 2856 
32 48 80 156 229 232 242 584 2164 2371 2817 2848 6593 9617 9634 9669 9682 
32 39 48 846 865 1316 1435 2516 2638 4510 7364 7532 
39 5531 13964 14171 
19 39 268 922 958 1842 2239 2754 3361 5866 7032 8795 
38 39 401 1634 1920 2352 2909 2915 3048 12996 
39 225 270 351 379 389 444 533 1842 2238 3465 10605 12672 
39 270 271 2335 3553 
438 595 1000 1698 2763 4319 4356 7707 
38 39 79 270 622 840 
38 39 48 110 551 829 2951 5462 6923 8921 9223 
32 39 48 179 272 1673 1939 2049 2115 2199 2279 2493 2579 2764 3294 3681 5057 5757 6141 10705 
39 48 65 215 271 437 511 5958 6310 
48 65 190 199 623 732 1239 1497 1498 1578 1992 2707 3185 3321 3451 6010 10653 
38 39 41 170 365 1327 2951 5248 6242 
48 5721 
32 432 479 604 1104 1948 4288 5273 
39 48 522 1599 
38 39 48 76 297 490 664 713 754 831 1146 1282 1578 1763 2113 2343 2528 3616 3806 3904 4208 4234 4285 5080 6118 6581 9510 11692 12929 
2 32 39 41 48 237 548 1638 1655 1715 1819 3271 3311 4388 5781 10653 11280 
48 5360 6921 
39 
35 48 766 3159 4512 
2473 3343 
39 41 103 310 2601 2875 
39 41 48 211 225 237 335 345 514 808 829 837 2273 2371 2569 2919 3082 3142 4548 5465 6649 6722 9906 10129 10221 10611 11069 
38 39 48 504 1459 1529 
1239 16217 16245 16246 16341 
39 48 237 419 440 535 941 956 1476 1779 1973 2536 2624 2933 3577 4776 5633 6461 6881 7562 9577 10410 10488 10691 13701 
48 
32 39 41 101 479 596 916 1143 1773 2239 3966 8504 
1689 
32 38 39 48 56 193 785 831 1185 1198 1430 1492 1799 2663 4417 7253 8826 
39 41 65 80 101 358 378 604 640 710 711 1161 1244 1293 1655 2079 2441 2538 2631 2635 3867 4385 4453 4504 4883 4894 5146 5335 7564 8068 10681 10685 11840 
38 78 751 798 1146 1727 2074 10195 
264 766 1878 2417 10573 14098 16010 
39 48 855 
66 2556 
39 41 48 89 260 288 305 412 432 535 570 640 719 764 898 963 1024 1210 1327 1428 1744 1786 1896 2284 2474 2505 2598 2707 2754 2840 3255 3256 3258 3964 4034 4419 6137 6716 7253 8370 9169 10501 10513 11143 12060 12508 12648 
39 41 48 301 877 2276 2639 3693 4095 8829 
41 48 225 262 405 1327 6190 
310 532 2337 2463 2507 
39 48 161 813 2212 
12957 
39 48 150 334 989 2214 3317 4513 9403 
23 39 41 76 233 1996 2245 2673 2958 3218 3294 5600 9758 9907 10491 10513 13335 
39 48 2135 4229 4307 5077 
48 249 574 2730 3084 3292 4843 4847 4940 5314 6602 7373 9986 13017 13411 13412 
38 39 48 79 170 1966 3273 5279 5847 5952 
79 127 168 270 358 1787 2897 3693 3735 12795 12946 
3020 4608 7243 
48 1054 2046 2763 4642 5245 10690 
11 41 48 77 212 225 407 548 903 1404 1853 1871 2013 2015 2030 2118 2246 2283 2507 2620 2670 2935 3112 3935 4051 4514 4786 5673 7711 10128 10451 10548 10873 11505 11915 
39 913 
39 48 89 338 592 1896 3358 3551 3808 5172 
39 65 262 291 425 760 806 1714 2353 2726 2813 3160 3191 3878 6128 9683 10657 12981 14029 
1736 2708 3034 6748 8117 9510 11087 13524 14926 
7920 
38 39 48 110 170 193 566 1040 1209 1527 2284 2505 3884 4080 4886 5152 6127 6919 11318 12082 12197 12371 13197 13393 
48 13139 15033 
32 750 
38 39 41 60 413 790 826 956 2168 2843 2994 3098 3693 3735 13041 14221 
38 39 286 501 1600 6242 
39 48 2388 6471 
249 1144 4642 5211 5215 7227 7339 7490 
39 41 48 175 225 361 475 563 2089 2991 7585 7611 11073 
12 38 39 48 55 443 1345 4364 5767 6024 12773 
39 248 1515 1804 1837 2122 2833 12572 12943 13530 
470 1415 4251 6325 7396 7520 7905 9142 11246 13189 15606 
39 48 310 432 479 497 2064 4144 10496 
39 44 48 255 727 830 1311 1390 2046 4144 5105 5956 7334 9501 9965 
2060 3373 
48 89 147 225 640 865 1130 2515 4030 6910 8954 9316 10683 14178 14566 15033 
15 41 48 843 1009 1294 1557 2152 2493 3964 4007 15832 
39 681 1285 12925 12943 
32 39 48 52 549 772 961 1430 1938 2140 4119 4807 5741 5968 6594 8024 11005 11432 13054 14281 
39 48 285 571 576 6690 6758 6864 7431 10442 11717 12572 13241 13748 
39 48 475 527 812 10017 11369 13277 
123 392 488 1580 2746 10835 
10 39 48 255 413 522 2212 2399 2559 2623 2874 4209 4258 4502 4816 10696 11636 
48 208 301 2958 3558 4244 4491 11829 
39 48 1282 3502 13788 
39 237 764 905 1000 1178 1362 2468 4127 
48 827 2284 2505 
39 41 703 903 2350 7009 10249 
32 48 136 164 167 380 727 742 961 1280 2626 2696 3260 6485 6604 12925 
32 36 38 39 41 65 101 201 244 248 278 315 379 488 846 851 1327 1543 1755 2053 2628 2876 3276 3483 3849 4871 4883 6123 6795 10612 12292 
32 39 48 3160 5051 5108 5350 6317 
405 488 
9 32 39 48 220 301 581 696 1361 1533 1914 2186 2254 2353 3118 3688 5472 
48 84 399 2593 4209 4831 7750 
39 60 123 147 166 526 682 1114 1819 3311 3535 3537 9555 9627 
39 48 262 662 1334 6812 9076 
39 1313 
36 38 48 364 1761 2982 12508 
32 405 4229 5339 5546 7989 
39 44 45 164 166 167 533 677 766 1068 1994 3772 3774 4502 6184 10045 11499 12835 
39 185 438 894 1355 2406 15046 15052 
32 39 48 60 175 225 534 842 1747 2138 2702 2998 3034 3502 3520 3619 4060 4258 4961 5729 10490 11747 12961 
32 1939 3279 6709 15251 
48 197 229 488 1444 1811 2775 3539 4974 5124 5782 7718 10438 13148 
41 48 1094 3668 
32 39 664 1327 3445 5023 
36 38 39 48 887 1986 2135 2709 4515 
9 39 48 60 65 89 156 228 260 309 334 372 379 392 399 413 426 432 576 614 848 849 856 1106 1315 1378 1379 1597 1758 1938 2208 2876 2902 3108 3451 3569 4493 4731 4920 5336 5708 6194 6286 6575 7214 7890 8317 8356 9906 10128 10470 10487 10598 10783 12515 12537 12585 12649 
32 4841 7266 7427 13023 
39 41 1002 2230 2231 2733 2792 2969 4223 4383 5730 5814 8985 9337 11105 11369 
48 2193 5507 5510 14568 
5 39 48 89 186 270 271 979 2259 5124 11794 13032 
32 38 39 41 48 1973 2805 4344 
407 3799 
31 39 48 123 1347 1853 2199 5158 8758 
38 39 48 662 1727 2851 4121 9304 
48 103 310 438 
39 41 45 199 2728 3573 5782 
39 48 89 338 1133 3461 4685 6553 
32 171 502 
39 41 48 52 258 310 604 734 1146 1844 2103 2130 2133 2460 4517 5062 5334 5622 6095 6589 7777 8637 8638 8639 
38 110 1489 3005 
66 85 1327 2907 6737 11571 
32 39 41 48 251 989 1640 1783 2843 3808 4129 4339 9061 
186 664 1166 1382 1750 2380 7975 10404 13228 14694 
229 3719 
38 39 840 1240 1344 3829 3830 
194 512 781 1014 1050 1347 1728 2023 2030 2492 2546 3276 3308 4056 4189 4267 4966 5067 6133 7687 
310 856 1286 4007 4342 15832 
39 41 48 66 381 536 662 979 1549 1578 1715 2550 2694 4111 4248 4420 
48 647 769 1173 2351 
32 38 41 48 170 2417 2656 
88 616 697 913 2995 5272 
39 798 856 2479 2987 4597 5133 5405 6446 10683 10818 12982 
32 39 48 407 3356 6268 16430 16431 
17 39 48 438 2101 2417 2634 2704 3007 3338 3462 12224 
36 38 39 41 89 288 384 479 535 611 966 1590 1591 1592 1593 1594 1595 1596 1597 1598 1599 
38 39 170 351 3904 
39 41 48 175 15578 
38 89 105 279 334 390 399 440 1126 1655 1973 1992 2323 3035 4073 4215 4424 4548 5907 5976 6565 13019 
39 48 80 155 715 1048 2388 2848 8973 12921 
39 44 48 185 549 754 1013 1102 1373 2051 2630 5023 5080 5524 
32 38 39 49 161 286 640 3159 9422 9586 10818 12982 13132 
533 555 1056 1832 2214 2309 2633 2741 3209 3607 3608 4269 4354 6359 7447 
39 255 2383 
39 48 838 2109 2437 2939 3161 10448 10656 
1 38 39 88 110 233 330 351 570 743 744 944 1013 1146 1555 2651 4108 4524 5998 6291 6403 6485 7523 8268 12946 14098 14808 15054 15137 
39 237 411 
39 548 793 961 1003 1600 2388 3789 10283 15406 
39 80 1986 9617 9669 10967 13017 
60 604 10433 12199 
694 
32 38 39 110 3558 3616 6897 
38 39 41 110 2725 
32 39 48 80 215 522 831 865 893 1121 1978 2147 2165 2609 3604 3683 4546 5113 5296 5461 
1327 1707 4366 
39 48 2132 4719 5150 5591 6806 13613 
7 65 108 259 314 374 405 415 420 447 449 604 606 649 798 943 1466 1670 1896 2041 2171 2370 2569 2579 2661 3136 3202 3467 3588 3790 4061 4620 5034 6148 8341 8959 10480 10731 11143 12578 12585 12586 12630 
39 48 1332 1840 1945 2958 4700 
39 
201 404 418 526 820 856 1173 1209 1479 1481 2080 2215 2471 2854 3035 3270 3509 4209 4472 4632 4673 10568 10798 
39 497 922 
32 39 310 1555 2140 
39 48 76 365 402 412 438 1503 1592 1986 2091 2135 2524 6358 7252 
48 865 3228 10908 10944 
15390 15391 15974 15975 
48 175 178 286 1783 2991 3125 
12 18 62 173 201 285 406 592 704 824 1126 1230 1976 2112 2437 2552 2654 2734 3611 5953 6395 8136 8452 10400 10401 
1853 2556 
32 37 38 39 48 55 89 237 1060 2952 3270 5931 10515 
38 39 41 48 82 105 192 258 338 680 1025 1704 3434 5068 12304 13786 14655 15832 
39 41 48 
48 6674 9520 12929 
39 48 
5339 13182 
39 48 414 694 875 931 1371 2222 2827 2915 3026 4015 4100 4363 5268 5656 6345 6486 8686 
274 438 604 798 11560 11840 
39 48 
39 48 16217 
32 41 48 65 512 719 824 1003 1263 1564 1696 2754 2843 2994 3419 3977 3993 6434 9411 
39 48 492 610 804 981 1001 1022 3291 4270 4336 4723 6098 10491 10669 10788 14390 
39 48 175 320 806 1026 4342 12935 
39 48 89 441 1488 1842 2344 7636 13041 
32 37 38 39 48 168 170 1146 2284 2802 3616 3964 4229 10513 12473 12935 14804 14872 
41 157 434 449 475 489 552 591 904 981 1139 1227 1337 1746 1765 1779 2250 2269 2425 2612 3202 3271 3374 3385 3739 4149 4225 4661 4752 4908 5098 5512 6080 7050 7935 
39 48 479 
338 400 401 402 403 404 
7331 
8194 10444 10656 
39 48 147 225 2065 2193 5728 
4158 6783 15332 
39 48 310 4070 
32 38 39 48 170 2639 4615 7595 
48 1527 6255 
39 48 294 2371 2734 4640 4959 5626 10923 
39 48 89 1185 
225 876 2207 3709 
39 41 779 
39 185 479 1387 2062 3404 5400 5440 7176 10498 11766 
39 48 382 1612 10294 11397 13445 
5220 
39 48 141 
38 371 2723 
38 39 377 751 1529 2915 10087 10104 
10 23 39 41 48 65 120 259 273 341 342 347 447 459 581 604 813 814 818 911 1090 1327 1976 2286 2370 2533 2635 2814 2968 2976 3553 5113 5136 6112 10504 10546 11505 
38 39 48 110 247 1280 1602 2965 3000 3774 4266 9458 10295 10878 10908 10952 
2519 
1665 2687 2984 3354 4883 9843 11718 
38 48 281 677 682 1211 2617 
38 39 105 1372 1513 1910 2065 2374 2633 2714 3358 3981 4056 4156 4258 4386 
17 39 43 48 179 325 379 1128 2323 2792 4383 4447 4891 
12 39 48 1842 2394 
237 1196 
39 48 79 271 292 340 445 603 1022 2330 3789 4544 5067 7710 9381 9501 
38 39 48 328 831 1402 1529 2434 2958 13189 16164 16165 
39 48 413 662 1067 2263 2300 2958 3392 4865 5675 10555 12677 12932 
38 39 55 1198 1876 2199 4512 5594 10483 10571 
288 909 3109 10543 12578 13112 13113 13189 13277 14686 
39 48 123 225 544 1609 1866 2856 5815 10449 13068 14953 16010 
39 53 155 1764 1769 2186 3502 5037 7318 10647 15815 
32 48 533 534 753 1004 1773 2051 3877 5685 5703 5953 6082 7758 
244 1228 3361 4227 
39 255 2684 3857 10579 12473 13088 
39 48 503 1012 2115 2240 3808 6319 7209 7510 8068 8293 12741 12952 13891 
32 4459 16316 
38 193 204 1058 1126 1237 1486 1696 1831 1897 1973 1981 2242 2243 2513 2644 3186 3642 4698 4930 5465 5617 9501 10476 10493 11468 12921 12946 12950 
39 14359 
32 39 48 1704 2592 4879 5289 11626 14933 15591 
39 48 8867 
39 2259 3361 
39 48 1615 1786 2394 4444 4672 8231 
10 2051 2621 3052 4123 7516 11297 
48 117 675 1066 1435 2186 4162 5387 10583 
12556 
9224 
32 39 48 715 1199 4087 5114 
39 2595 
48 60 65 479 493 1077 1393 1948 2663 3932 5463 5845 14098 14636 
150 204 1469 1470 1677 2164 2966 5086 12952 13567 
39 41 48 225 242 271 432 438 604 1368 1826 2399 2420 2723 2815 4669 4940 5181 6214 6683 6716 11630 
38 39 41 48 170 979 2720 
39 48 521 794 855 1059 1075 1619 1816 2424 2445 2622 2812 5915 8247 
39 48 150 225 425 966 2051 2341 4522 14095 
39 40 48 186 271 795 1663 1818 1819 3311 3402 3535 3537 4317 7747 10442 10566 10605 11044 11447 11799 
39 48 8947 
39 48 475 1872 1986 4548 5152 6405 
39 41 3202 13041 
32 38 79 103 110 
3245 
39 48 416 1996 2464 2597 4916 
32 38 39 48 237 504 734 926 1592 1594 3616 4994 5038 12984 
534 3037 9586 11154 
36 39 41 400 534 2458 6928 7787 10628 
32 147 179 894 1905 2931 
533 3300 3393 4565 6640 8599 
39 41 48 60 103 175 178 225 464 499 1026 1146 1265 1355 3149 3988 4146 5323 5728 13041 
32 39 48 237 403 550 1841 2064 2094 3161 5869 7220 
32 39 242 264 475 5289 
32 39 48 399 549 811 837 846 1004 1899 2983 3442 3700 9800 9801 
39 52 4636 
23 30 38 41 55 110 237 2840 7209 7435 
32 38 39 170 1327 14253 
11 156 250 319 407 446 652 824 1393 1593 1848 2187 2423 2437 2622 2639 4389 4608 6722 8986 10098 10129 
37 38 39 441 449 589 751 755 789 910 1062 1629 1922 2069 2573 5556 6508 8867 12925 
32 39 48 435 1698 8142 
39 48 2875 16217 
32 39 103 682 1327 1344 1352 1872 3055 4124 5568 5962 13175 
38 1188 4410 
39 867 2685 2951 6691 11768 15290 
32 39 4630 10188 11344 12929 13270 
39 589 1146 2638 
32 39 48 715 3683 4030 4698 12469 15814 
39 48 777 13576 
3105 4256 10273 11429 11430 11431 
39 5405 11223 12693 
405 2657 4064 10515 11422 
39 48 103 235 237 1729 2441 6202 7180 14584 
48 2241 12959 15618 
32 41 
32 39 41 48 79 249 319 449 475 975 1360 1543 1877 1976 2662 4504 4661 5194 
38 39 110 628 911 2241 2381 2629 4383 8128 15050 
465 944 4307 4552 6014 
39 237 389 511 529 675 714 1358 2496 3345 
32 48 65 156 242 493 1956 3623 4761 5273 6941 6950 15137 16010 
32 260 319 338 533 653 926 1408 1475 2425 2492 3221 3331 3842 4305 4393 5539 6696 8553 11291 
39 48 117 161 310 483 529 571 1012 1146 1421 2103 2215 2235 2325 2843 3186 3840 4226 4804 5368 
806 3343 3988 
39 
39 1310 2574 3604 7751 
808 16155 
39 45 48 2867 2958 5563 6097 10968 11019 
39 48 49 161 282 1472 1578 1878 1889 2043 2187 2879 4058 4203 4685 5107 5363 6517 7913 9931 12971 
38 39 286 10808 13628 
32 39 48 71 124 211 423 438 449 555 591 766 1030 1124 1166 1198 1551 2763 3835 4009 8316 10074 10444 10963 
38 39 56 281 308 309 398 576 591 1080 1239 1378 1379 2032 2378 3345 3416 3719 3762 10653 13608 
45 60 150 398 541 544 1336 1379 1425 2001 4105 10474 11560 12075 
0 39 48 117 123 179 301 412 808 812 976 1249 1442 2135 2596 2818 2830 3722 3742 4310 4537 5151 5346 5471 5617 5739 5865 6046 7495 7500 7991 8691 12933 14171 
413 1008 13054 14406 16217 
39 156 536 1624 1715 3186 3961 
32 48 346 1275 1856 2141 3338 3424 4272 4839 8717 11191 
38 110 9555 13581 13694 13704 
1282 4385 5027 
39 41 48 225 382 396 397 898 3189 4178 4316 7472 13041 13182 13189 15466 
39 48 
2 38 39 55 13194 
32 380 1172 1353 1714 7124 8985 14637 
39 13041 
38 39 41 310 790 
24 39 41 48 535 1060 1394 1624 2208 3510 4112 6503 7046 
9 39 41 48 92 258 338 1104 1725 2267 3119 3207 3236 3564 4587 6284 8461 
39 41 383 831 1089 1440 1578 1744 1871 4207 5858 
39 48 82 123 168 215 246 503 525 772 1735 1815 1867 1994 2053 2123 2343 2559 2852 2983 5708 6475 8245 9541 10835 13524 13525 
48 388 533 592 963 2417 3788 4237 12842 14637 
32 36 38 39 41 48 374 522 737 1296 2168 3840 
32 48 621 1010 1486 1841 2513 2891 3510 3553 3947 4990 5091 6691 9579 
39 5690 15247 
48 751 4843 7110 10515 14486 16347 
32 39 65 529 768 795 812 885 1219 1527 1987 2375 3425 3635 3867 14316 
310 1313 1422 2561 10925 11039 
38 39 48 1184 3638 3651 3904 8186 
39 60 65 301 812 1568 
48 133 1258 1659 1938 2625 2885 3102 8411 10459 10507 10605 10611 10725 
626 3560 12999 14178 
38 39 41 48 105 435 664 762 783 1763 2199 2476 3171 3253 3976 4708 5028 6266 
39 161 
16217 16257 
48 133 3601 11741 12024 
18 48 65 96 101 175 186 213 272 279 338 413 783 806 842 916 1513 1704 1975 4790 10254 
101 117 150 208 432 571 586 589 740 816 1030 1360 1481 1616 2335 2489 2689 3502 3879 4087 4391 5156 5808 5981 6037 6644 
32 39 48 310 438 694 938 1004 1020 1066 1929 3171 4801 12925 13049 
39 2771 2879 5492 15376 
39 41 95 141 225 379 522 541 984 2394 2894 3202 3270 4265 4267 5409 5580 10128 12130 12538 15323 
11 39 48 101 592 755 1122 1668 2383 2851 3614 3771 4057 5210 
38 170 1066 2226 14062 
39 48 
39 41 48 161 458 475 836 856 1099 1956 3228 4940 6959 
14593 
250 11136 
38 39 41 48 170 570 2801 
39 48 310 878 974 2449 4802 5894 11560 12959 
38 39 41 48 286 734 790 1146 1858 2784 
39 45 48 522 535 681 857 858 859 860 
41 65 147 544 1598 1714 5045 7585 
2502 2573 4460 7472 15832 
947 1435 4381 
32 41 48 109 179 464 532 548 911 925 989 1183 1440 1625 1805 1973 1980 2437 2629 2820 2907 3338 4067 6658 6995 7083 7702 8192 8375 8435 11171 
48 156 255 1268 1488 1783 
38 39 47 772 3660 
506 1305 2702 4807 10469 10940 12429 
39 41 48 451 1120 1472 3452 8972 8973 
32 39 201 225 488 830 3006 3420 13832 14326 14634 
32 39 48 1404 2238 2746 4879 5728 10841 
39 48 89 1139 1847 4710 9501 13600 
31 39 41 48 133 310 438 795 932 1219 1547 1818 1910 2284 2505 2514 3311 4433 4486 4940 5943 9021 
36 38 39 41 849 4546 
48 211 10457 10548 
48 60 168 209 464 1922 2061 2177 4546 4806 7941 15289 16010 16011 
32 1638 3540 
38 39 48 286 413 2443 2479 10562 
48 97 117 118 282 420 1333 1360 1361 1890 2129 2186 2231 2480 2969 3185 3304 3448 4066 4967 6548 
48 89 98 264 501 772 1135 1721 2284 2505 2555 2998 3239 6123 6439 11804 11952 
2753 4466 7233 
48 161 310 593 980 1239 1266 1437 1693 1746 5323 6616 7100 7482 
39 41 45 48 79 319 1768 10132 10653 
151 175 16010 16011 
38 55 
32 38 39 41 48 110 237 1404 1744 2495 2958 6575 9766 
7484 
39 227 2853 
36 38 249 1043 1203 1209 1333 3914 9417 
48 65 2184 3472 4393 5976 6403 7158 11266 14634 15593 
39 48 586 1066 1814 2135 2958 4243 5336 
48 278 800 1050 1393 1784 1964 4685 6602 14571 
39 41 48 203 278 995 2479 2802 2907 3917 4213 4659 5855 8336 8780 9925 10609 10792 11093 11431 11700 12450 
39 166 167 270 413 445 684 697 772 939 1014 1696 2238 2393 2633 2661 3662 3715 4009 4270 5944 10481 11012 11200 11201 
48 237 533 768 6895 
260 681 15988 
39 41 48 365 3046 4779 10870 
32 48 334 2284 4800 11644 13032 
32 39 41 397 398 644 1547 1814 2061 
595 1903 7205 7923 7951 10510 16217 
48 89 643 812 824 924 1874 3321 4123 4655 4994 5038 5314 5690 6224 15054 
866 1095 2318 4775 5621 8220 8344 
32 39 41 48 65 186 232 282 416 466 789 1020 1215 1417 1596 2025 2809 2902 3795 8837 9032 
32 39 48 53 345 2406 2991 
39 48 1475 1476 1538 3319 3321 6224 
48 8308 13032 
48 736 932 
26 48 229 592 653 1956 1960 6062 6942 9304 
41 48 107 865 1698 2263 2958 5641 
32 192 365 428 2364 2581 5493 8577 10447 
12 36 38 39 41 48 467 599 1067 1075 1188 1529 1739 2238 2350 3349 3462 3635 3686 3904 4063 5125 5344 5489 6453 8679 11460 11813 11858 13105 14345 15879 
48 101 258 413 442 660 704 880 1103 1417 1929 2210 3278 3607 4822 7777 10499 13024 15184 
39 41 48 956 1922 2514 3078 3994 4800 5405 5570 6036 9095 12982 13041 
38 39 48 116 1783 2553 2805 9158 12983 16430 16431 
32 41 101 107 225 268 287 396 418 479 548 610 704 1045 1046 1585 1864 1865 1940 2028 3279 3774 4770 4854 8025 9065 9066 
39 6387 10546 
38 39 286 12833 13293 
98 1012 2054 2535 3310 3793 5721 6107 9076 
39 48 369 913 1127 2004 
39 48 271 589 1986 2263 3089 3299 7775 8135 12996 15450 
7 39 48 408 2126 2437 3551 4091 7079 8047 8048 
2711 4123 12925 
38 39 48 80 105 107 413 479 730 938 1085 1158 1281 1555 1808 1997 2506 2598 2870 3577 3728 3926 6404 8268 10440 10513 10653 10730 13415 
48 235 290 696 699 1144 1444 1489 1534 1578 2376 3317 4000 4200 9555 11325 13108 13188 13212 
349 352 660 788 1066 1327 2126 3710 4397 4424 5570 6501 6955 7101 7102 
39 48 229 438 2892 2899 4369 6244 6404 11560 11630 12162 12164 
32 48 117 177 338 406 614 798 976 1313 1854 2425 2990 3412 3601 5497 9669 
48 89 338 399 615 732 798 1247 1281 1994 2665 2771 2792 2987 3086 3762 4025 4502 9643 13056 
39 48 677 1358 3964 
32 48 
48 60 1103 5124 13900 
39 48 523 543 1005 1074 1166 1361 1468 1744 1872 2775 3271 5589 8043 10527 10556 
365 2051 12929 
24 32 48 442 601 758 767 1233 1472 1714 1769 1821 1859 1938 2004 3270 3784 3884 4422 4550 4791 5441 5460 5997 6183 6638 6916 7651 7943 
36 38 39 48 243 334 752 1060 1358 1693 2798 2965 4345 5257 5549 6578 10135 10440 10441 10448 10515 12935 13267 14221 14611 
169 501 968 2506 2535 2815 3498 3609 4165 4234 4658 6737 7107 
32 175 809 1479 
11 48 350 384 408 489 490 577 615 660 976 1103 1135 1239 1282 1393 1842 1951 2212 2325 2471 2608 2855 3108 3903 4230 4517 4556 4942 6201 6759 8098 9181 10490 10525 11469 12277 14478 14543 
32 39 48 812 1004 1209 2471 12854 
39 41 48 65 94 310 407 449 623 655 1368 1404 1527 1618 1796 1808 2091 2115 3079 3081 3875 4475 5063 6242 6358 6858 8519 10444 10525 11560 11840 12152 12171 12300 
533 535 2523 5001 
38 49 681 1232 1343 1727 1728 
48 2619 2968 2998 3112 4230 5296 7687 
39 41 48 3364 4132 
9 11 39 41 340 533 550 696 801 1249 1297 1534 1619 2188 2544 2775 4132 4396 4591 4764 5178 6575 7707 
39 48 
32 48 235 248 271 628 1008 1103 1559 1604 2371 2910 3616 4007 4557 4643 4859 5038 5243 10195 10653 11254 14098 
39 48 401 1939 2351 2495 5356 12935 
39 48 15060 
38 1489 1590 2390 3504 10446 12946 
19 32 39 48 185 225 806 1000 1027 1091 1123 1180 1349 1699 2492 2991 3160 4594 4994 6012 
15 38 39 41 48 49 107 170 549 1987 2212 3451 10567 16010 16011 
459 535 2208 3065 3159 4951 12657 13041 15673 
39 91 309 479 492 824 878 1080 1269 1378 1379 1380 1557 1569 1598 1804 2171 2900 2989 3410 3866 4176 4178 4435 4685 4891 4984 5160 5590 6587 6602 6735 9969 9986 10420 10425 10493 11310 11656 13366 14409 14942 15557 15832 15869 
15789 
38 39 48 104 390 543 547 828 845 3161 4630 5105 5721 10656 10901 11768 
197 406 593 623 1256 1702 2375 2424 2604 2882 2967 3271 4822 5976 6194 9858 10254 12909 14221 
38 39 41 48 55 110 374 1009 1172 1831 2054 2629 2657 3367 3616 4630 4722 10441 10540 
39 41 48 533 1362 2080 2211 7691 8161 9309 10541 10573 10985 11229 
41 48 96 405 522 1172 1183 1435 2174 2241 2523 10515 13132 
1 19 39 251 
45 596 740 1557 2955 3510 3790 5888 14980 16055 16097 
39 260 338 740 768 
19 60 189 204 393 812 1996 2172 2793 3373 3651 3966 4489 4885 
976 1126 2464 2635 2965 2967 3806 4124 9906 
39 185 767 1700 1768 2469 3435 10868 10890 
65 1595 1948 2052 2208 2810 4127 4258 6582 11048 13041 13058 13192 
39 1002 5701 15106 
39 48 529 643 783 1082 1815 2080 3968 4393 4417 5052 5695 6165 9010 11469 
533 4561 
41 48 60 783 1114 1783 2130 3279 3322 3577 6825 
32 39 48 169 413 907 2958 4070 6226 12999 
2 334 351 1026 1609 4344 7644 14523 14871 14933 15046 
38 47 48 91 104 248 258 351 405 413 650 808 1327 2343 3270 4595 5339 6317 6421 7601 9623 
37 38 39 48 1135 2958 10923 
36 38 39 694 2657 
38 39 56 673 
39 41 48 225 548 791 978 1160 1444 2344 3078 3805 3994 4899 5653 5729 9782 10195 10359 
39 48 185 258 423 733 982 1066 1729 3104 10491 14841 
32 39 225 1313 2706 5708 
39 41 297 379 957 10875 
32 39 48 338 413 430 486 688 812 956 2344 3488 4325 4779 11468 12308 12842 15292 15614 15618 15661 
438 911 4070 11064 11065 
38 39 65 370 1060 1638 2477 7441 
171 8683 8684 15462 
39 48 
23 31 36 38 39 48 101 103 105 156 171 405 566 708 806 812 2259 2326 2388 3842 4106 4257 7639 9865 10515 
36 38 39 48 464 475 592 712 1054 2276 2876 4642 7288 
38 55 922 1698 
192 204 235 269 334 365 808 2016 2241 2569 2629 2644 3571 3800 4663 4981 5169 5403 5692 7113 10420 10526 
32 39 41 979 1161 1355 2406 3635 11872 13786 14098 16010 16011 
39 543 584 1956 
32 39 48 65 315 581 809 984 1693 2238 3160 7941 14841 14878 15832 
39 237 7205 11173 
213 371 863 3988 6474 9511 9546 
41 271 374 488 548 772 813 1004 1062 1091 2353 3924 4251 4307 4361 4983 
48 475 927 1233 1409 2570 3553 4362 
38 237 286 718 1795 1867 10469 11881 
424 1113 13047 
39 48 89 155 161 237 719 783 1224 12766 
38 47 48 79 511 2383 9555 13141 
39 919 1793 2492 4981 
11443 
6965 10420 10525 
38 39 45 48 170 229 261 305 413 1342 1772 1994 2238 2814 2881 2893 3258 3468 3487 3904 4207 6725 12973 13863 14098 14431 
39 48 65 94 210 351 843 2167 2405 2749 2963 3194 11692 
6 39 48 76 101 156 189 396 410 426 431 459 516 529 589 639 816 829 880 910 924 1003 1031 1064 1111 1250 1417 1478 1515 1814 1919 2113 2186 2201 2315 2599 2681 2746 2958 3270 3300 3451 3775 3903 4106 4134 4460 4560 4886 5387 5651 5871 6268 6520 6949 7050 7166 7463 8004 9696 
237 4570 4811 6999 11820 
39 123 295 1143 2239 2877 3174 14107 14349 14933 
45 48 924 1257 1994 2154 2477 2541 2557 2610 3635 3867 4994 11764 12458 12923 13244 14933 
11 23 41 48 147 408 1278 1355 2810 2896 3361 3375 
534 9169 
9 60 420 522 660 704 789 2084 2097 3055 6852 9555 14085 14119 
39 48 3677 6991 
36 38 39 41 48 78 123 2065 15473 16219 16405 16430 16431 16465 
39 41 48 60 213 310 589 659 1964 2192 8730 
39 41 48 272 1227 1239 1327 1343 1549 1704 1776 2046 2186 2249 2931 4078 
38 110 1459 15832 
38 39 48 110 425 783 806 1590 1827 6602 12491 15258 
38 39 41 110 136 438 5370 
32 36 38 48 225 334 661 1214 1327 1425 1964 2225 2272 2364 3270 4733 4734 5549 8614 12123 
150 533 2353 4402 5496 
32 39 48 389 1046 12925 
39 41 1146 14040 
38 39 48 170 242 378 697 764 791 1081 1129 1830 2946 4720 6998 13052 13662 14862 15119 
38 39 420 429 840 3336 3882 7497 
48 94 117 144 550 645 830 846 1012 1424 1516 1602 1761 2053 2786 3127 3607 3926 4015 4266 5070 5073 5564 6360 6383 6401 6402 
39 48 201 279 751 2896 4682 7481 10504 13004 13206 13426 13671 
38 39 105 1035 1939 2051 2167 5282 10447 
38 39 41 48 110 800 941 
32 53 65 75 420 759 772 926 1274 1363 1390 1417 1483 1537 1574 1964 2523 3574 9835 
32 39 48 78 414 500 556 1114 1115 1556 1701 3827 9509 9696 9810 10172 10195 
41 48 449 751 801 952 1593 2144 2958 3193 4030 4037 4269 4281 4465 5102 7709 7710 
39 41 389 704 918 2069 3175 4994 10400 10445 
22 39 225 260 1562 11254 
41 1280 1643 1833 2235 6860 6861 
32 242 547 2493 
39 48 65 156 192 352 490 502 571 783 1555 1859 2022 2065 2363 2501 3136 3318 3319 3530 3721 4401 4761 5050 5154 5309 5388 5859 8193 
36 38 39 103 175 508 10769 
8014 15633 
591 4939 
38 39 225 1327 1361 3005 4282 
32 52 374 706 1215 2124 4908 
2046 2459 
48 622 1146 1159 2924 3156 3616 4310 10032 
12 39 664 3082 10474 
32 39 48 225 264 271 976 1744 1890 2184 2388 2831 2870 2987 5328 5897 6469 10440 10630 13190 13291 
48 187 389 398 1286 1415 3988 5898 10653 12935 13327 
41 48 189 432 548 604 1082 1198 1513 1796 1854 2428 2985 2989 3062 3075 3319 3320 3321 3827 3866 4107 4422 4655 5556 
39 60 161 1096 1446 2173 2769 3550 5370 
32 1344 1821 
39 41 
38 48 110 1159 
38 39 48 110 286 951 3276 4771 6075 11163 12613 12925 
39 48 156 179 280 1062 1096 1333 1537 1578 1638 2113 2599 8898 15273 
5559 
39 48 14872 
39 48 1052 1298 2523 4588 7071 7163 
32 39 41 729 1136 1397 2043 2888 3151 3309 3894 6190 6729 8730 10923 11615 11630 12169 
30 39 237 1821 1872 2723 2734 4053 8630 
39 48 161 1249 
32 38 39 48 110 286 2054 5659 12961 
39 255 334 3317 3413 
39 41 399 
3078 3995 4800 5700 
39 48 165 623 664 692 1425 1966 3021 4911 5339 6266 8478 10719 
32 36 38 39 48 140 3886 12946 
39 79 967 1060 2259 2599 2851 
53 65 250 412 565 581 703 831 913 2065 3142 3315 4265 4336 4348 6850 9010 10423 11110 13337 15832 15843 15844 15915 
2 39 41 48 69 101 128 264 310 348 408 414 426 798 865 1016 1085 1146 1279 1396 1405 1859 1987 2199 2776 3458 3806 4099 4583 5071 8592 9243 
39 185 1072 2599 2767 13032 
19 38 39 48 147 475 1001 1529 5869 
23 32 41 117 338 348 475 566 703 1051 1054 1063 1185 1481 2515 2626 2633 3086 3259 3512 4007 4422 7205 7214 7273 8377 
38 39 41 48 55 1072 1996 2154 15036 
1581 4442 4570 
32 38 41 48 56 58 338 418 501 1831 3361 5236 
33 41 79 229 237 259 525 571 649 1025 1772 2238 2314 2596 3149 3151 3759 5185 10606 14596 14791 14896 15618 
37 38 
39 1638 4665 
32 41 48 3532 3965 4940 6120 7639 7640 
39 48 195 441 1612 1992 2561 2814 4113 7122 8671 14280 15492 15578 15636 
11 48 65 82 405 407 415 434 892 1113 1182 1198 1693 1896 1979 2111 2129 2157 2480 2563 2856 3240 3425 3483 3520 3546 3643 4595 4610 5104 6526 7096 7971 9559 10515 10844 11230 12164 12727 
32 41 388 664 2787 2858 3289 
32 38 39 48 102 147 179 204 237 533 727 840 1139 1479 1592 2208 2453 4115 4864 5651 5903 6118 6358 6602 6893 7262 7875 8698 11060 13152 13567 
39 48 161 225 592 1479 7541 
36 38 39 41 245 261 606 8816 
32 39 41 1853 
36 38 39 3203 
48 248 15054 
48 332 448 1471 2335 2998 3503 10009 
39 45 164 279 338 623 682 760 847 1393 1905 2321 3425 
19 32 39 41 48 592 751 789 1725 1966 2150 2350 2493 4149 7479 10088 10132 
39 48 199 301 385 730 860 1281 2157 2300 3539 4731 6746 7951 9501 9750 10491 10510 10785 11173 12491 
41 48 464 3435 7205 
41 69 185 338 548 589 1246 1435 1697 2184 5525 7913 7931 10681 12929 15832 
6 39 48 58 123 248 258 259 269 345 418 522 533 751 766 780 1450 1840 2051 2118 2382 3532 3756 4552 6325 6454 8492 12036 
39 48 101 147 261 310 589 727 1001 1020 1479 1789 2051 10872 15323 15332 
31 39 150 233 566 
1130 1153 1154 3259 
2249 3291 5703 
32 38 39 48 65 152 170 965 2447 3032 3965 4286 7933 8858 
2505 4917 8844 
161 1434 2453 
39 48 652 1003 1126 1332 1929 1986 2965 12925 16010 16011 
38 39 41 48 52 170 321 441 541 806 809 1126 1298 2879 3185 5104 5358 6995 7205 8203 8229 12469 12836 12925 16217 
32 39 4072 
48 943 
39 89 334 4650 10175 
48 82 319 703 809 1027 2053 2187 2343 2515 2708 3270 3292 6151 7938 12842 12981 14631 
39 41 48 222 225 269 270 271 407 2373 3774 
39 48 15250 
32 39 48 
39 543 2336 6024 
39 45 48 350 549 618 653 753 961 993 1324 2182 2854 3451 3635 6574 7088 7284 8317 10629 11636 11851 
39 48 820 821 2888 9843 10791 
39 78 175 806 811 842 2060 
32 80 91 2242 2243 3171 5422 
39 48 49 380 1244 1784 3414 4881 5316 5317 8590 13189 
38 89 1831 
39 65 2820 5931 12173 
18 50 379 475 522 1013 1062 1421 1456 2051 2909 4113 4761 
39 111 258 338 414 649 741 743 873 913 1324 1369 1885 2651 3805 3829 5934 6485 7905 8952 9662 12882 13615 14112 
10 32 48 65 123 229 237 469 989 1393 4739 4740 6173 
32 426 3217 3573 4163 6956 
39 48 102 159 544 763 1203 1319 3914 3984 4184 4312 4889 5860 5926 6757 7022 
39 291 560 740 3724 4696 4697 
38 39 48 110 170 413 806 1026 3968 13197 
38 39 41 43 48 170 1301 1302 1864 3171 4374 4779 10497 
30 185 249 412 703 1094 11058 
39 48 3160 15345 
36 38 39 905 1592 13616 
39 94 242 591 1372 2181 3047 14007 
39 65 664 719 1428 15832 15845 15862 
48 49 102 264 280 301 1435 1489 3504 4213 4642 4989 10908 11404 11476 
41 48 78 475 529 662 728 1508 2729 3095 4717 5463 6321 8066 8603 10442 
39 271 437 681 925 1130 1877 3903 
39 48 4640 
36 38 39 41 48 2879 3561 6998 12954 16121 
32 38 39 48 170 176 249 280 652 1008 1025 1135 1448 1513 1783 2388 2673 3291 5248 6007 12473 15667 16010 16011 16021 
39 48 13049 
39 3412 9076 
39 41 48 208 225 243 939 1081 2238 4945 11254 
32 664 5168 11110 
38 39 48 677 1166 1327 1697 3742 3814 3904 5317 10419 
39 522 1991 2337 2621 3236 4049 4340 5904 
39 208 1043 1794 3375 
39 927 1198 2505 
225 2238 14386 
39 1000 1274 1996 2967 3034 3493 6076 7197 9992 10470 
39 155 249 272 1004 1244 1361 2173 2931 
39 48 255 305 622 993 3258 12042 
39 48 760 989 2800 2814 4859 
39 225 271 640 2238 6128 
38 39 40 587 1831 1842 1939 2629 3005 3186 4816 5644 8985 12773 12984 
48 362 763 1306 1360 1394 1715 1905 2325 2515 3639 4561 5422 9395 10470 11794 13556 13616 16010 
39 48 1877 1910 2113 2375 4393 5062 9858 
39 1899 2763 7109 8411 9137 
39 41 48 79 101 361 852 913 2955 2997 4605 5801 5802 5803 
38 39 110 1895 3160 5956 5976 
11133 11316 11504 
48 749 766 817 1025 1030 1098 1397 1580 1731 2187 2596 3151 4717 4767 4837 5369 6109 7187 7461 
48 53 367 
39 48 89 894 1219 1837 4433 12929 13041 15410 15618 15648 15649 
38 48 118 371 790 1529 3641 4056 4524 11382 12996 
23 27 117 1860 1861 2505 2888 7153 15578 16217 
38 39 48 110 2543 
38 39 48 76 101 147 286 729 1015 1239 1395 2635 3472 4836 10475 12070 13148 13217 
39 4642 
15 38 41 79 128 170 199 623 768 1569 1570 1987 2254 3510 3518 3579 3882 4361 4667 4920 5125 5345 12277 
38 39 270 286 1144 1643 1783 3050 6600 9441 9442 9443 
167 317 488 682 1280 1334 2321 5691 6756 11799 13334 
39 65 150 175 225 395 727 1640 1654 4925 5583 6716 9418 9620 11630 
175 1594 2896 13041 13057 13174 15578 15621 
39 48 1233 2425 
39 41 48 60 93 668 768 1027 1172 1485 1518 1677 2316 2902 3291 3643 3935 4125 5051 5403 5406 5945 8910 8929 10453 10481 10728 11060 12491 
39 
2 38 39 48 69 89 170 759 3149 4051 4779 10493 14598 14606 
39 677 3065 8352 
203 1071 1739 8215 
39 314 488 984 1846 2006 6106 6416 
39 48 89 249 379 592 599 764 843 894 897 898 899 905 914 1044 1315 1548 2840 3963 4435 4891 5024 8713 
39 48 7646 16217 
48 1132 2053 3801 4197 4198 6201 
39 48 1987 2837 9394 12986 
18 39 48 51 52 78 114 117 314 565 581 697 896 984 1342 1518 1557 1647 1804 2310 2345 2954 3361 3434 3486 3759 4279 8143 8160 10128 10515 10681 11316 11955 12995 13150 15798 15832 
39 48 156 317 1145 1987 
2 32 123 660 1046 1710 3143 5486 
38 39 48 170 441 651 809 846 3904 4030 4677 
38 39 89 163 236 370 680 3923 5164 13028 13051 13052 15119 
36 38 39 12943 
48 1020 1122 5236 9580 
38 110 7066 
65 176 254 338 395 486 677 681 846 898 1085 1214 1677 1814 2164 2215 2489 3151 3715 4263 4314 4336 4357 4744 5105 7925 8068 10611 10933 11041 
31 39 48 66 1218 1994 2708 2874 4694 5932 11747 11836 12925 
19 39 48 147 192 237 2133 4339 10184 
478 2015 
38 48 65 352 374 783 790 1080 1269 1278 1380 1578 1859 1949 2353 2694 2832 3131 3195 3411 4722 5427 5428 5429 
11 39 48 94 117 274 314 315 325 449 591 612 757 817 976 1013 1020 1185 1315 1796 1804 2208 2633 2870 3319 3321 3903 3948 4377 7775 8834 9517 15036 15618 
32 243 271 520 1196 2194 2234 2502 2524 3276 5778 12958 
16405 16430 
39 61 152 394 915 1107 2268 2284 12362 12456 12457 
830 2821 3312 4479 7407 10442 14008 15144 
39 41 65 66 85 338 415 475 485 501 704 760 1082 2635 3269 4165 5496 8576 10033 10128 10446 11615 11630 11820 11954 12213 
12 32 39 41 45 48 402 764 870 874 1046 1486 2015 2042 2284 2471 2515 2659 2833 2845 3048 3252 3875 4418 4642 4651 6752 7209 9265 
38 39 48 68 170 178 310 643 723 1327 1683 2277 
48 237 1593 1991 2928 2929 4030 4292 10074 
18 23 39 91 150 346 612 1083 1085 1274 1387 1784 1903 2425 2489 2518 2528 2989 3257 3361 3750 3964 4195 4935 6757 7082 7744 8040 8346 8433 9168 9683 10862 12494 
19 39 310 374 418 558 2015 2437 4274 4719 
39 48 68 494 1143 1791 2353 
1421 5025 7331 
32 3420 
32 39 48 1280 3405 10106 10125 
32 38 286 7502 
39 334 769 1034 
242 433 829 1353 2848 4298 4336 5080 6679 
24 41 48 279 423 544 4059 5256 7425 7495 10684 10687 11152 
39 242 493 1909 2958 4761 16178 
7 1581 2940 4004 5025 6343 12925 13189 
39 48 255 3103 3104 
39 201 438 675 682 684 698 812 871 1771 1821 4358 4439 5175 11799 
31 39 225 475 703 1578 
772 824 899 1269 1897 3214 6377 9062 
38 39 1003 1831 4383 11332 14137 14386 
32 270 298 1052 
39 41 1313 2118 2378 3467 3481 4685 6134 7484 13203 13317 
36 38 39 48 223 271 5863 
32 41 48 310 1146 1776 2276 5215 11252 13041 13524 
18 48 185 247 424 529 578 660 751 780 856 869 1071 1303 1315 1560 1562 1579 1704 1771 2723 2763 3256 3258 3596 4770 4945 5001 6999 13184 
39 310 338 522 846 2712 3236 4651 4800 7518 
30 39 3312 3402 6007 9387 
39 48 2771 4342 
39 4711 7531 
39 48 490 16217 
7603 
39 65 236 237 249 805 1210 1545 1695 1714 1842 1877 1935 2284 2746 3253 3495 4557 4886 12929 
39 165 166 684 696 1215 2600 2716 3055 5164 5213 6517 12036 13012 13493 
48 14933 
32 36 38 271 677 2399 7073 
41 101 350 415 519 589 604 740 808 916 942 2388 2406 2456 2477 3077 3706 3871 5797 6692 9623 11660 11808 12060 12314 
361 599 651 791 1693 2360 15675 
39 514 781 843 2697 3431 6343 13022 
48 447 488 1344 2236 2601 3891 4982 5723 9541 10486 10635 10798 11067 
39 48 432 433 604 3579 4589 12395 
38 39 41 48 105 447 1192 1296 2241 2243 2480 2769 3079 3262 3373 3527 3528 3895 5611 6812 7744 
39 41 239 1057 1233 1574 1765 2225 2269 3074 5701 7654 
35 39 1062 2425 2977 3354 
48 
38 286 1746 2554 3783 4025 6602 8356 
2469 2524 2843 4547 7536 
39 48 3722 7723 
18 39 6528 12842 
39 242 244 574 1062 2351 4279 10719 
39 750 1246 1588 2168 2413 2468 2754 3280 4801 5190 5774 
38 39 41 48 170 186 533 1061 1244 1332 1643 1768 2343 2366 2569 2949 
32 2111 
39 824 1000 1425 1989 2090 2458 3270 4813 5765 
38 39 175 474 599 842 1619 2238 2546 3904 5175 
39 490 1239 
39 48 1192 2313 5490 7600 8691 10760 
242 978 2723 5133 
39 48 65 856 
12981 
39 695 
39 56 10543 
18 41 237 1369 9059 10483 
39 1697 1923 2233 2519 2564 2673 2893 3735 4321 4322 
2 41 260 851 1203 1578 2046 2168 2515 2626 2861 3914 4208 6200 6999 7100 10939 11754 11793 
39 595 3184 
39 41 48 374 475 596 650 1146 1268 2254 2537 2987 3106 3314 3676 3783 3875 6489 
39 48 798 859 889 890 
696 699 1113 1533 1534 3884 7182 
48 52 89 101 192 649 650 865 927 947 1025 1111 1135 1393 1481 1861 1981 2424 2482 3093 3653 4472 4695 4792 4883 7049 8433 9669 10132 11837 12729 13039 13626 14099 14397 15542 
48 1327 1977 3487 4555 5127 6726 7583 10651 12100 
39 48 175 271 723 842 1355 2075 2958 3085 5416 6036 8906 8986 9149 
39 620 770 1662 2998 3526 3527 4823 4825 5671 5808 6928 7690 7962 10439 
19 39 65 419 464 543 856 958 2383 2591 3783 4153 4516 7763 
7 39 48 89 96 396 522 622 649 703 708 910 1195 1714 1968 2193 2766 2814 2892 3333 3521 3572 4258 4865 5507 6227 10605 12657 14634 
2 39 48 59 116 147 169 174 201 271 389 407 475 673 803 859 896 897 983 1264 1323 1536 1606 1611 1747 1815 1886 2241 2281 2303 2322 2390 2630 2907 2987 3074 3676 3678 4001 4100 4251 4405 4677 5524 5574 5646 6403 6998 10905 13089 13141 13291 
48 89 150 229 237 267 475 730 764 932 1013 1120 1281 1478 1515 1873 1877 2597 2854 2873 2963 2977 3746 4340 4616 4793 5350 6404 6728 8435 11952 11998 13182 15393 16010 16011 
39 13056 15832 
38 39 423 435 612 790 987 1344 1578 2471 2991 3005 3763 
39 41 3221 
39 201 513 2138 5171 7100 10232 
39 606 918 960 1417 1611 2763 3616 
497 1745 2523 2962 
32 256 1716 1917 9412 13182 
39 41 48 1166 3394 5169 6624 6630 9203 
39 48 979 1393 4339 5146 5236 7227 14634 14655 
76 215 1204 1744 2065 2775 2794 6287 10515 10677 
2 32 123 800 1309 5467 6403 7975 13464 14031 
32 38 48 75 107 123 170 175 185 225 270 271 538 549 550 806 1067 1435 1958 3462 4401 5852 5869 9095 10420 12952 12981 13464 
39 48 
39 589 618 789 826 1976 2100 2298 4336 8176 
39 48 1936 
703 931 4650 13556 
92 1939 4801 5487 6358 
39 48 438 1027 11326 
176 817 1025 3100 
39 41 48 61 78 89 186 379 386 398 475 533 673 675 734 740 793 831 921 925 1196 1332 1489 1619 1638 1659 1911 1996 2164 2708 2723 2792 2796 2870 2930 3676 4100 4187 4696 4871 4883 5979 7766 8366 9579 10074 10608 
10 37 38 39 41 48 249 701 924 932 1327 1410 2172 2926 4143 6387 6406 7744 8867 10653 
48 174 269 522 804 1564 4547 5570 5738 7205 10632 16217 
39 89 646 1121 1349 1677 1867 2064 4111 4336 
32 1355 7770 
38 39 48 64 371 1315 1994 2241 2854 3808 5440 6553 15055 
39 48 225 267 270 441 711 885 1435 1561 1781 2056 2238 2504 3826 5596 
32 768 7526 13510 15624 
73 4372 4483 7407 10470 13847 
39 310 628 805 1525 1619 2565 4911 
39 41 48 60 103 123 270 271 389 1327 1527 1638 1693 2238 2344 2434 2626 2831 3297 4633 5851 10420 10490 15663 
36 38 982 1387 1806 1879 2375 5162 6256 7910 11419 11581 12148 12151 12346 
38 39 41 110 8978 14949 
37 38 39 110 170 1144 8985 12964 
32 36 38 39 41 49 237 255 380 787 855 4336 10536 10684 
30 48 67 598 905 911 1081 1143 1393 1497 1591 6532 
39 117 272 798 851 890 976 2694 11135 13748 14362 
38 39 41 48 55 795 1344 1818 1819 3311 4650 7611 7938 8985 
1581 3596 
32 39 48 60 89 373 413 576 761 1082 1557 5600 6767 9617 9669 15011 
10423 15832 
39 48 147 237 251 261 418 623 1417 1939 2343 3912 4581 4974 5405 8948 10739 12935 
38 39 156 225 317 1145 1184 1609 2383 3904 12909 
11 39 207 225 247 399 438 589 604 1312 1715 3384 3730 4241 4242 
839 885 2469 4899 5323 6637 
35 39 49 186 2601 2626 2958 4871 5742 8054 
108 328 1776 4050 10033 10794 11203 13253 15144 15312 15313 
39 41 48 60 237 258 435 830 1655 1786 1932 2528 3319 3321 3353 7176 7908 
39 48 188 1444 1445 1446 
32 1073 
39 48 14098 
32 39 48 49 997 1244 2325 2650 4300 5221 10691 11841 
39 41 48 101 261 279 415 2303 2409 4677 5708 6273 8924 10515 16217 
39 41 48 49 132 179 297 534 989 1814 1896 2422 2720 9758 10423 
32 39 1842 2058 16430 16431 
39 48 661 2489 2879 8317 11615 
32 39 48 161 338 479 492 592 604 2810 3782 5892 10017 
39 48 69 150 179 201 213 751 984 1235 1804 1987 2554 2853 3002 3078 3130 3297 3672 3755 3793 3896 4502 4883 5062 6063 8596 10128 10491 11780 12173 
38 170 15140 
32 39 48 80 341 415 662 1135 1435 1698 2167 2606 4073 4119 4444 6795 7454 12929 13182 16010 16011 
1146 1214 1786 2699 3827 6275 7019 
36 38 
18 39 41 48 331 913 1593 1784 3133 3135 3690 4324 5472 10175 
48 855 1191 3120 3558 3660 3930 4233 4674 4894 4993 5813 7604 7677 
38 48 170 821 2639 2854 
32 38 41 101 371 1101 2080 2792 2973 3761 4019 
104 423 565 1216 1395 2259 2343 6017 7068 
36 38 39 48 310 757 913 3875 4036 10423 15832 
32 107 108 548 552 584 1004 1052 1130 1592 2536 3072 3572 3884 4157 4546 7605 8959 9010 9011 10442 10764 12677 12964 13198 14099 14469 
36 38 39 48 675 4383 6462 
38 1727 
39 48 77 83 182 677 1246 2236 3540 3541 4774 5557 13624 16010 
38 39 48 89 128 170 262 415 558 674 729 878 1488 3240 3312 3520 4940 5560 9501 10283 
39 41 65 136 168 351 396 490 549 685 789 819 1003 1067 1355 1468 1854 2238 2477 4708 4883 10425 10443 11675 12946 14933 
38 39 48 79 170 543 2879 3724 3827 13943 
11 32 39 48 255 740 1035 1043 1053 2505 7209 10939 13174 
38 110 1489 
39 41 65 978 4891 6921 13028 
32 49 65 768 
18 39 41 161 176 229 660 817 913 1025 1115 1146 1890 1922 2384 2566 3125 3151 3616 3841 3896 4384 4698 5570 6998 10195 
39 48 89 225 271 341 389 592 750 989 1010 1459 1578 1658 1693 1744 2406 3032 4282 5559 6682 6716 11266 13013 14095 
32 1045 1046 
9146 
255 1755 4884 
38 39 105 270 271 389 583 2854 7996 
32 99 267 1094 1220 2554 4883 5889 6825 
32 
48 117 254 289 338 535 544 1198 1232 1275 1331 1658 1794 2111 2196 2769 2987 3028 3161 4058 5138 6447 7057 10444 13464 14018 
18 48 3316 8365 
39 256 475 
32 48 179 258 310 647 2515 4405 5756 6596 
38 39 48 170 201 438 783 1652 2075 2894 10653 13007 13008 
117 179 358 651 749 1277 1398 2424 2546 2640 3381 3411 5163 5718 6532 7004 7005 7006 
76 2285 
11 39 48 103 175 225 281 284 310 367 389 475 581 806 1026 1146 1355 2763 
32 39 41 2661 4580 6281 
32 39 438 1825 2297 2496 12685 15332 16175 16430 16431 
32 41 499 589 734 806 903 1062 1433 2186 4786 10784 
39 433 535 2104 2894 5355 12943 
39 48 865 1958 2552 3263 4278 
39 48 1659 9620 
36 38 5585 
36 38 39 48 2528 
48 5343 
38 39 41 48 65 110 147 225 727 2222 10059 
38 39 110 286 842 
32 161 1742 3966 4336 
38 39 48 110 581 1355 1831 2164 3630 10465 
39 48 65 1393 2386 10447 
39 48 179 438 2168 
41 201 278 720 855 990 1239 1264 1282 1683 1735 2134 2624 2994 3076 3307 3418 3708 3735 4730 5318 5408 5713 5714 5715 
39 48 3189 9794 14762 
39 48 339 2115 2621 2876 12503 
48 1705 4007 5928 7128 8110 12925 14941 
671 1497 1659 1783 2894 3107 6165 6268 9555 11208 
39 48 1638 
732 835 865 4990 9996 10446 10917 13041 15605 
32 38 39 41 48 79 105 225 310 990 1254 1404 2199 4336 4571 7670 10469 12302 12847 
32 2238 4813 
32 48 941 1956 2284 2505 3316 4100 6755 8620 10699 
32 38 286 
38 41 94 101 147 179 344 348 352 413 738 755 783 790 991 1008 1589 2199 2786 4527 4822 5564 6638 6639 6640 6641 
31 249 573 911 1447 1920 2629 3635 9719 10202 14326 
39 48 52 250 265 310 345 425 444 571 1669 7205 9501 12946 12967 12996 
39 1239 1515 1867 2157 3410 4106 4911 5379 6553 9617 9669 13088 
39 
32 48 68 565 783 806 824 1394 1930 6692 
65 150 340 374 418 442 479 552 660 697 807 861 1249 1387 1609 1625 2054 2097 2425 2728 4812 4883 7176 8830 9076 9242 10295 12951 12981 14098 14656 14824 14933 14952 
41 548 675 845 1393 2107 2306 3716 4183 10942 13225 16040 16056 
32 39 48 123 846 1937 2168 9953 
23 38 39 48 60 96 110 156 330 1590 2805 5248 7276 
39 48 89 740 932 1814 1874 2389 3106 4610 5164 6202 10487 
39 48 578 3707 3771 8748 
229 622 2364 3136 
175 405 1146 1355 
39 156 276 525 563 789 1030 1121 1138 1435 1616 1851 2080 4087 4149 5292 5767 
39 
39 48 1124 3331 4588 
39 48 284 939 1294 1488 7538 
39 48 89 195 201 438 555 592 976 1545 1768 2633 4973 5668 6308 6492 7437 8313 9778 11020 
32 39 48 66 147 615 622 1004 1155 1160 1946 2117 2171 2187 2723 3099 3219 3373 3724 3983 4364 4951 5510 6403 6932 8288 10656 10928 
39 48 4239 5182 6355 9038 12371 
48 13041 14361 
2 48 570 1966 2527 
39 48 156 694 806 2746 8325 14973 
896 3693 3977 
33 39 48 186 259 262 263 396 409 441 539 543 598 957 1183 1291 1344 2238 2259 4105 5153 5168 5377 
32 39 48 60 65 250 622 767 1148 1173 2370 4336 4556 
244 1388 5485 10525 10544 
39 41 48 2931 
39 1308 
392 
495 2593 3037 4382 6882 
39 65 201 308 319 589 639 664 1269 1291 2065 2072 2817 2818 2819 
38 39 48 79 105 237 865 1591 
39 41 126 3857 
5 38 80 110 564 580 677 712 899 960 1071 1198 1230 1417 1696 2012 2097 2162 2376 2408 2805 3460 3927 4216 4883 5755 5849 7046 7117 7262 7378 8242 8728 8914 9547 10504 10588 10681 11644 11794 12944 13222 13510 13557 13803 14019 14628 14665 15012 
38 39 48 170 
32 39 48 282 704 11688 11695 
256 4019 12540 
39 41 48 60 136 147 549 702 1362 1369 2061 2169 2273 2388 2915 3019 3172 3546 4201 4723 10451 10742 10743 10744 
75 101 276 325 362 449 766 947 1126 1740 2118 2182 2674 2907 3330 3368 3458 3762 4223 4650 4841 5785 5919 6122 7858 8443 9978 9988 9989 
39 41 48 89 175 664 842 1001 1163 1814 1966 2119 3205 3307 3553 3845 4662 6717 10018 12013 12014 12015 
39 48 260 310 319 636 1134 1886 3316 3684 5535 7908 8867 8985 12982 15578 
39 399 664 883 897 1994 2874 3310 5360 12997 13141 13577 14018 14221 
32 39 48 310 432 1978 3546 3719 5037 11186 
48 7205 
110 304 14660 
39 41 225 2601 2991 13328 16217 
379 12943 15244 15282 
2481 12064 
39 
48 183 261 379 435 1183 1237 1415 1872 1931 3236 4889 
38 39 41 48 170 175 178 186 345 384 947 1121 1191 1546 1714 2383 2659 4899 5175 
38 39 48 279 286 445 1972 3774 5797 7484 
32 36 13041 
48 237 244 251 393 404 502 677 1562 2015 2852 4720 5485 6752 10441 10798 
176 817 1025 3100 10791 
32 1043 1107 1384 1631 2122 3046 3515 6364 6743 6854 7988 10770 11000 11223 13607 13887 13899 13900 13901 
89 
39 3370 7744 
39 41 208 385 592 922 1072 1355 2145 2297 2317 2554 2578 2669 3084 3616 3857 4899 10354 
39 48 201 6682 
39 48 
39 48 2715 4336 10017 
39 1747 
201 479 522 1161 1214 1327 1435 1444 1715 1789 2075 2792 4940 6012 7511 9013 
38 1054 3005 10769 11543 
38 47 156 338 1327 1435 2164 2771 
39 41 48 1976 2017 2420 2740 5569 8893 
32 39 48 101 374 789 1479 3902 
201 1417 2135 2952 2965 
32 39 48 2915 13041 
32 270 271 279 12951 14942 
38 39 55 
534 875 
39 189 546 574 1889 1989 2187 3261 4609 6016 6388 
41 48 449 587 821 1196 3119 3533 
32 38 41 170 204 447 904 1641 3194 3259 3354 4272 5315 10515 13068 13122 15618 15694 16430 16431 
38 39 48 89 107 281 413 548 549 611 961 1915 4310 7360 9337 
961 2585 5156 13443 
39 291 
39 41 271 2592 3454 5289 12648 
39 48 12462 13443 14098 
39 48 101 209 413 753 766 1072 3413 3532 4346 5162 5199 5915 13060 
32 39 41 48 159 225 548 976 1611 2074 2555 2786 2988 5328 6717 8834 10446 10525 
48 237 255 547 5569 13189 
36 38 39 389 
39 48 
38 39 48 662 812 840 915 1010 1096 2879 11237 
38 39 41 48 78 170 1799 4051 15608 
48 592 708 828 913 2344 5788 
32 
32 227 12277 
32 38 39 48 264 310 336 570 3904 4305 11539 
23 32 41 48 65 107 309 413 438 604 1380 1998 2031 2080 2527 2557 2930 2981 3345 3510 4195 4314 4315 4498 5708 7558 10459 11644 11746 11764 11989 
11360 14099 
38 370 3005 10611 11346 
32 48 249 681 820 1166 4170 
36 38 39 41 133 389 449 925 956 1139 2592 
664 1327 2666 
39 41 48 80 412 479 807 916 1168 1344 1428 1543 1555 1652 3759 5762 7447 10551 12508 
38 39 48 77 170 547 925 1048 2394 2469 3569 
32 39 
438 486 608 651 740 1183 2014 2664 5865 6999 8040 
48 117 208 246 338 730 808 846 878 916 987 1035 1332 1536 1696 2225 2708 2987 3062 3074 3159 3663 4251 5703 8232 8542 9292 9536 9669 10442 10516 10769 11318 12334 
39 41 48 79 475 2254 6068 6956 10787 
39 407 927 1384 1385 6108 7988 10943 
32 39 48 101 1014 1135 2552 2796 4000 5297 
39 208 239 2682 
39 48 405 706 6765 
39 78 96 161 438 1814 2172 4592 6306 15618 15832 
3441 5246 13524 14098 
39 1698 2329 
10 39 644 675 2560 2767 5543 
48 351 405 890 1158 3319 4389 5339 5708 12925 12981 
32 39 48 396 993 1604 2075 3091 5051 11794 
5 38 39 48 110 229 426 795 1818 1819 3311 9697 12932 
32 48 179 237 704 764 1043 2468 2617 4121 10862 14568 
39 314 1661 1855 2118 2787 5041 9634 11105 11254 13583 13687 
39 1216 1814 
39 48 1804 2515 3194 5266 12929 13466 
