39 41 43 45 48 82 260 271 310 415 916 1715 2216 3612 3660 4340 5592 8978 10553 13052 15618 16010 
39 41 237 13089 13446 14347 
48 237 397 903 1423 1814 2343 3101 
237 812 1557 5370 12973 
1 442 1113 1808 2673 2840 
32 39 41 48 
32 279 664 1277 3370 4242 4811 12636 12925 12982 13313 14367 
39 48 272 301 1650 1651 1652 2186 2353 2931 
39 48 10611 
39 48 1192 
48 401 592 1920 2242 3684 3978 5569 10453 14804 14872 
32 38 39 48 281 590 781 973 6591 6767 6979 
39 41 78 739 926 1859 4636 
38 39 41 48 371 479 2075 2364 4287 11449 
39 48 264 2775 7770 12794 14345 
39 48 179 269 398 554 752 2129 2852 3035 3278 4502 
31 39 41 225 1012 1103 2557 10420 
19 32 39 48 389 522 533 544 614 622 751 803 910 1195 1714 2876 5691 10543 10912 10953 
32 123 1445 3157 5830 6581 
32 39 48 522 653 739 3610 
39 4215 14093 
39 41 48 637 1468 1638 1884 6116 
39 765 5174 
176 216 405 413 1014 1120 1404 1556 1558 2060 2215 2370 3467 3696 3900 4880 5289 5874 6006 8867 10862 12923 13603 
48 169 495 705 1016 1017 1537 3504 3735 4202 10879 
89 2065 10201 10862 
38 39 48 170 225 4163 8566 11660 11672 
32 39 41 65 271 5531 
2046 10910 11257 
2 39 41 52 101 195 334 340 403 533 647 681 706 794 931 1370 1816 2118 2238 2265 2286 2793 2834 3750 3751 3752 
36 38 39 48 
38 39 110 1529 3903 
209 522 2012 2542 2729 3546 4548 10637 10943 14087 
38 39 48 170 1062 1741 2676 2909 4070 5459 5656 
39 41 310 490 535 898 1138 1752 2080 2580 2731 3361 3364 5328 5889 
944 1216 2015 2094 2383 2561 2815 4659 5474 
39 48 179 258 542 702 1075 1704 2080 2661 2715 5315 7674 
39 48 65 1585 2919 4215 6609 7100 7710 9992 
39 48 493 812 6405 
32 39 48 167 1043 1204 1951 2480 2808 3299 3713 4433 4843 14252 
37 38 39 41 65 16178 16244 16329 
32 48 
3716 5293 15607 
39 41 48 76 115 229 348 441 910 956 1538 1762 1805 1994 2328 2550 2623 2833 3067 3172 4409 4896 7676 
39 48 147 547 740 1497 8279 
36 37 38 39 41 42 44 45 249 267 408 766 2554 2812 3660 3775 5767 8718 
12925 12951 
48 161 3752 5289 5892 10017 
39 48 1319 1513 1866 
48 185 207 344 351 405 558 815 3028 5339 10797 14035 
48 62 101 104 147 368 413 623 824 947 1113 1236 1401 1704 2561 2701 2729 4077 4201 7996 10546 10547 
39 48 5161 
48 65 108 129 189 201 259 348 449 510 592 798 878 973 1485 1848 1945 2151 2420 2788 3083 3084 3488 3678 4069 4325 4831 5034 5409 5884 5943 6028 6089 6320 6767 6768 7124 8057 8204 8433 8566 8579 8986 9589 
39 186 348 352 533 589 750 878 1054 1293 1691 1859 1930 1954 2046 2050 2130 2669 3236 3436 4510 4527 5064 5327 5567 6338 
36 38 41 225 390 544 783 790 824 874 987 1693 2644 5594 5761 10647 
38 39 48 105 208 215 830 10555 
91 237 12946 13035 14347 
48 65 79 179 201 267 301 488 511 1056 1172 2012 2496 2574 3156 3265 5051 10943 12388 12982 13022 13060 14006 14087 
2390 
30 39 48 89 426 880 1179 2022 3047 3402 3535 3537 3721 3758 4538 4642 4691 4966 5720 7975 8985 9187 
39 48 365 1513 4249 4344 4410 6840 8481 10554 11794 
32 39 41 48 228 410 475 623 760 1594 1600 1714 2056 2813 2896 3119 3964 
15 39 48 522 806 829 1026 1455 1745 3185 6520 7636 8004 9540 9585 9642 
48 413 604 981 1123 1787 2046 3161 4032 4127 13060 13544 
39 48 514 826 1195 3808 4572 5102 6359 10210 11840 
38 39 41 48 286 664 806 2855 3106 4003 4307 
39 48 101 250 464 712 736 1714 2631 2854 2879 3660 4123 4127 11794 
39 48 379 1435 1905 7118 7429 7431 12964 13753 
48 
39 41 48 50 52 79 2383 
39 48 1214 3333 3683 10818 
39 739 1008 4027 
48 89 1624 5865 
32 39 41 107 310 365 549 621 961 1000 1096 1146 1631 2364 2663 3590 3670 8130 10419 10442 10807 
32 38 48 209 281 432 497 549 1327 1808 1829 2630 2866 3580 4037 4269 4334 4345 4677 5410 6086 10544 11719 
39 48 694 1805 
39 2823 2989 3175 3333 3371 4094 4215 4448 5036 5307 6488 12984 13072 14535 14944 
39 310 740 2064 
11 48 1121 2056 2722 4006 4563 5084 5158 5577 8129 8130 8131 
325 1230 2325 11007 15601 16010 16011 
32 38 39 48 89 170 237 269 289 413 809 885 984 1260 3761 4085 5432 10184 12939 14933 
648 1126 1182 1327 2366 2820 3080 3856 
215 271 1479 1700 5468 5778 11937 12304 13837 
1489 
39 249 414 475 824 877 1139 1578 1807 2062 2515 2763 4363 4525 4984 10463 10491 12101 12246 
38 39 371 479 3335 
38 39 201 286 346 347 675 1393 1813 2054 3799 4048 4552 10420 
647 769 7112 
11717 13748 
65 310 739 751 926 1669 1806 1852 2353 3472 5548 6251 10427 12925 
201 203 885 2966 5048 
48 190 566 1785 1817 4972 10650 10653 10705 11970 12935 
37 38 39 48 539 760 1075 1144 2210 3331 9766 
488 1498 1714 3277 4083 5558 5613 6123 8173 10480 13131 13669 14061 14819 
39 49 
32 38 281 338 1603 1615 1665 4126 7117 
32 38 41 55 225 438 527 610 2212 7098 
37 38 39 41 48 103 175 225 310 1026 1146 1354 1355 1783 2238 2471 4949 8730 
38 39 41 56 161 682 683 779 812 1048 1080 1360 1379 1872 2173 2496 4564 4621 
126 345 363 486 549 592 649 766 1277 1600 1677 1714 1822 2168 2492 3132 4285 4976 11845 12933 
39 48 209 540 606 1085 1103 1425 2376 2378 2671 3231 4154 4416 4439 7542 7895 8485 8691 12982 14827 
39 1266 1267 
38 48 56 281 382 597 705 801 1014 1667 2958 4030 
11148 
39 48 225 301 571 1118 1249 1318 1796 2238 2415 3178 3346 4284 4740 5036 5776 6173 8043 11656 11966 14171 14975 15503 
32 38 468 861 1462 1831 2649 6998 14107 
32 39 48 16010 
48 4993 7006 
39 48 1332 1580 2855 3024 3229 3431 9057 
32 48 449 809 858 885 1000 1352 1815 2708 5346 5915 7289 7691 10928 13017 13032 15638 16010 16055 
39 488 576 652 751 754 939 1012 1081 1090 1235 1776 1814 2283 2620 2988 3194 3317 3660 3730 3794 4070 4226 4386 5080 5516 7756 10420 10699 12933 13186 13457 13514 13565 14098 14584 14634 14687 
39 48 262 494 1015 1548 1772 2379 2478 2484 2604 3317 3504 3756 5138 5732 
39 41 48 426 2878 3946 8978 13603 
11 12 36 38 39 48 101 261 310 485 527 640 790 916 984 1043 1387 1656 2064 2437 2554 2720 3404 3451 3799 4342 4460 4630 5323 5341 5742 5970 
39 411 1987 2703 
206 1246 2065 2249 3075 7078 8067 10934 12925 12929 12959 
6 41 675 1263 4336 4592 7205 
23 38 39 110 255 340 423 424 460 783 1113 2608 3878 4766 4806 7941 
16 48 65 115 116 809 1159 1327 1469 1806 1987 2402 3096 3097 3098 3099 
23 36 38 39 2060 2219 4384 4479 
39 41 48 225 262 699 971 1533 3361 4336 
39 264 445 
32 39 48 447 637 826 1678 1994 2167 2228 2276 2324 2764 6200 9967 10372 10498 10568 11631 12935 
62 427 1008 
48 3223 7448 
39 48 65 2915 4142 5569 12983 
32 39 41 48 179 475 916 3550 3600 9501 
39 542 1818 1819 3311 8963 
32 43 237 1813 2199 2269 6895 
32 48 16430 16431 
27 38 39 48 281 1872 2238 
48 49 186 345 1698 1872 2856 3373 4001 6585 12933 
275 388 1001 2236 2949 3451 3790 4705 12051 12929 15189 15832 
38 48 110 1188 3854 8289 
39 151 256 
38 39 170 
41 3175 6453 8043 16010 
32 48 1503 
39 
2 39 48 141 147 223 380 572 636 918 962 1070 1119 1191 1395 1848 1917 2536 2703 2725 3477 4384 5107 5392 6587 9142 10596 10822 10954 11557 12051 12713 13328 13413 13990 
32 39 48 128 175 591 623 806 838 1026 1146 3221 3297 3609 3867 4790 5633 12437 12925 15033 15177 
39 60 89 1361 1537 1543 4230 8251 10670 12473 13125 13307 
48 101 563 1062 1123 1517 1762 2475 2521 2607 2626 2994 3160 3221 3343 3668 3693 3794 5603 5962 9541 10334 12657 12948 
39 48 128 301 503 610 1320 1390 1404 1550 1773 1865 1880 2629 3019 4563 4854 4937 6046 6214 8549 10428 10475 10515 10553 10653 10924 11254 11841 12365 13061 13236 13237 
32 123 229 301 451 913 926 1557 2239 4388 4859 5432 5618 8792 
426 533 549 552 783 979 1160 2064 2259 2736 3007 4648 7744 10333 10942 
48 62 185 215 407 426 650 783 799 865 1096 1469 1470 1763 1948 1964 2420 2515 2607 2616 2783 2966 3314 3333 3383 4070 4384 10444 10573 10704 10721 12547 13604 
39 175 178 570 1257 1354 2297 3217 12248 12502 
39 48 1355 2865 2994 6372 
39 48 58 101 147 423 441 514 533 798 859 885 993 1909 2184 2441 2612 3215 3752 4819 4883 10905 12698 13060 13334 
32 48 155 244 589 1062 1333 2599 2987 6591 7819 15238 
48 89 386 475 518 611 779 817 1062 1114 1332 2335 2893 10571 15848 
39 48 387 3157 3353 8015 8205 13413 14015 
5403 
38 39 48 110 676 1585 
1603 1653 2482 2486 13103 
39 533 3053 3504 
48 65 1144 1146 1475 1476 1538 2073 2819 3616 12069 
48 1785 
32 39 48 103 2723 2749 12391 
39 438 769 856 958 1034 1096 1729 2313 3465 6359 
19 897 1004 2424 2934 4629 13132 14475 15044 
38 39 48 110 653 2383 4801 12981 
48 65 225 237 310 640 801 1930 2135 2353 2402 4436 5322 10230 10428 11545 12938 13203 
32 36 38 48 438 
48 506 5440 7347 10499 13300 
28 32 60 649 788 877 2692 3113 7222 
4267 6630 14099 15050 15051 15618 16010 16011 16016 16060 
65 156 533 607 1103 3684 3761 
39 420 932 2118 2663 3616 7874 
41 48 49 136 225 1146 1565 2388 3295 3402 3535 4605 10451 12677 
39 150 196 209 334 740 1327 1575 2141 2977 3367 3668 5850 
107 298 301 328 549 772 808 993 1001 1052 1067 1696 2208 2431 2437 3270 3292 3405 4883 4990 5074 5151 5424 5505 5752 6682 10571 
14792 
32 38 39 48 110 151 184 225 310 398 405 673 1146 1281 1910 2015 2199 2708 2870 2990 3295 3616 3925 4052 5294 5296 5712 5782 7758 7794 10484 10902 11254 11533 12308 14660 
39 48 1161 1715 3100 3186 4048 
39 48 65 338 767 1700 2476 3177 6443 10074 
39 89 13182 
39 48 478 6387 12984 13089 13141 
38 39 41 48 790 885 4448 13041 15077 
48 
39 48 80 116 310 320 567 697 1104 1249 2097 2683 2870 2890 4423 5015 6526 8863 10542 
39 48 814 910 1023 2633 3272 4202 5248 5958 6431 
38 41 267 371 1678 
38 39 225 281 664 2183 13724 
32 48 237 260 877 2606 2877 3064 3464 4067 5041 16010 16011 
41 2233 6048 
39 48 1146 1715 4713 5070 
38 110 3675 6378 
36 38 413 806 2180 5487 
39 249 1126 1144 1197 1320 1840 3720 3785 6984 10295 
9 2049 3416 13106 
1 32 35 39 152 161 481 957 4240 10510 
733 1656 2343 2742 3118 3292 3551 7112 11718 
32 39 48 420 1161 1393 1640 1670 2820 2876 6855 
48 3966 
38 39 55 370 548 593 1557 1791 2791 
9 251 752 1361 2621 2931 3269 3683 4093 10821 10971 12959 13184 15012 16010 
44 48 94 653 789 1003 1689 1742 2625 2808 4218 4349 4962 5146 7273 7547 7560 7763 7800 7801 9613 10379 
1 48 3006 
727 1650 1651 1652 1653 1654 
48 103 279 4157 4472 11471 13536 13556 13602 13616 
38 39 48 110 161 863 864 865 866 
10 39 898 2831 4771 
39 65 405 2184 
1163 3762 4061 4570 13267 
32 39 48 89 225 264 448 967 5921 6120 10491 11254 12946 
39 48 49 64 256 488 760 979 1067 1134 1971 2011 5892 11155 13032 
41 15659 
39 984 14547 
39 41 48 53 1483 1899 2518 3502 4179 4336 
32 11557 12959 15832 
48 76 1230 2447 2543 4810 7277 
32 39 41 45 48 413 913 1120 1124 1126 1394 1931 2666 3756 4260 4630 7162 
39 11433 
30 39 41 211 256 270 4899 12672 
38 39 48 110 281 681 1489 5772 
38 39 170 414 571 1146 9304 
39 48 89 365 374 407 442 1027 1066 1215 3776 10294 10513 12473 
10554 11121 11122 11123 
39 48 156 449 
39 41 48 147 179 319 320 436 570 687 694 723 797 1153 1327 1385 1591 1804 1870 2063 2920 2962 4833 5245 7988 10442 11252 11307 11308 
39 2665 
1095 1704 4851 10677 16010 
79 180 270 271 445 488 1001 1146 2763 3270 3431 3628 3785 7657 
16291 
39 41 48 85 147 297 397 1570 2629 3668 3804 4111 4317 4567 5341 6099 10739 
32 36 38 9419 
48 123 186 207 406 467 1182 1704 2325 2842 2843 2856 3098 4193 5919 6830 10605 10797 11060 11675 12578 
772 
39 48 91 459 825 973 1010 1163 1987 11093 12981 14019 
48 108 229 320 959 1277 3354 5405 6508 9283 10442 11853 13274 
48 319 809 877 1124 1783 1972 2080 3292 3420 4592 5001 7938 9434 11275 
48 76 165 166 248 365 514 533 682 683 684 919 993 1146 1780 2263 2823 4374 5070 5893 6364 6401 
32 
32 39 1046 1103 1600 2136 3447 6406 
39 201 1404 1459 2350 2987 5837 6192 9337 
39 48 798 817 904 1025 1135 1285 1330 1882 3068 3333 4383 4703 4853 6230 6672 8057 8867 12655 15618 15639 16220 
32 39 
39 246 1123 1316 1348 2834 5086 7155 
32 48 3839 4374 6469 6519 
36 38 41 7910 
39 48 207 242 740 825 1130 2852 2874 2958 6278 6737 6772 10696 12081 12991 13016 13441 
39 76 395 488 789 830 1624 3047 3272 6709 10536 10753 11075 
38 48 371 
32 5546 13061 
36 38 219 1016 1077 5355 10642 11329 
2638 
12 38 39 60 384 2238 2369 3904 4501 6447 10362 
31 39 48 2614 3445 12933 
38 39 41 504 
32 39 41 48 167 301 438 683 4306 4553 5124 5190 6114 
32 39 48 64 255 444 2135 2147 2350 5950 8679 12943 15222 15266 
39 41 48 147 389 592 774 1628 2281 
2769 3460 11043 
271 1987 2297 4097 8440 9169 
39 48 682 684 903 3535 3722 
36 38 39 215 1638 1744 2115 7518 15112 
39 48 184 785 1393 2747 3493 3525 3907 5148 5149 5689 7690 10656 
39 65 168 288 337 968 2167 2535 2808 3412 10602 10967 
31 39 41 79 103 249 475 975 1089 1233 1543 2182 2316 2594 2661 2662 2663 3046 4661 4889 4939 
39 48 50 570 1021 1308 1666 2118 3541 10128 13556 13567 
48 62 65 161 199 258 558 591 623 808 856 897 993 2851 3221 3441 3477 5206 5287 5346 8057 10717 
39 48 5307 6757 10818 13174 16217 
10978 
38 110 209 
39 48 297 338 1677 2323 6780 16430 16431 
32 39 2930 14598 
80 1003 1591 2137 2441 2615 2816 2902 3758 5362 5366 5421 5811 6472 7481 7871 9500 9620 9992 10571 11018 11837 12503 12567 12980 13148 13164 13293 
39 48 147 265 338 350 434 793 1143 1318 2610 3845 4764 5117 10074 10448 
32 39 258 
38 39 151 170 1183 1755 9952 
38 110 16430 16431 
48 1702 2124 2952 3236 3279 4996 
10 39 48 89 106 458 549 615 730 1113 1303 1570 2674 2966 3321 4886 5539 
48 52 161 254 279 444 514 1053 1060 1360 1594 1759 2263 3186 3319 3343 4630 5408 6109 10444 12921 12982 13060 16217 
32 39 48 171 2891 11768 
39 41 48 989 1395 1791 2994 9820 10943 
39 48 364 627 4706 6965 8040 
32 38 39 48 152 170 1020 
38 41 147 170 348 352 749 1071 1123 1715 2094 2130 2443 2495 3117 3221 4064 4326 4697 4779 
36 38 39 48 78 164 166 170 265 682 4360 
32 4642 6696 
45 67 124 2297 3365 4257 7738 
39 48 7297 
39 237 649 3675 4540 9304 12693 
38 48 110 
39 48 2631 
11 32 41 48 193 664 699 1198 1246 3133 5472 6517 
39 48 264 740 1257 
39 48 203 398 1693 2242 2243 2296 2775 3106 3185 3431 4174 15174 
48 208 342 442 604 783 2352 2957 4260 4702 5531 6075 6598 6736 6869 7769 8507 10980 11383 12712 12794 
39 334 740 783 1259 8411 10584 14098 
36 38 48 79 330 842 1283 1530 2054 2129 3336 4148 11452 
39 44 58 877 1327 
39 41 202 319 447 755 789 846 910 1062 1198 1629 1679 2069 2437 2892 2975 3808 3842 4800 5178 8867 10668 
23 48 242 548 585 611 704 1172 1327 1480 2272 2437 2524 2807 2810 3181 3270 3279 3333 3404 3933 4065 4080 4134 4445 4630 5127 6591 
39 48 65 227 271 340 560 666 1130 1176 1338 1339 1373 1796 1902 2147 2526 2527 2528 2529 2530 2531 2532 2533 2534 2535 2536 2537 2538 2539 
39 48 2225 7187 12952 
199 206 310 407 426 533 549 589 626 783 903 1062 1096 1638 1939 2115 2983 4179 5107 6579 6970 7975 10429 10568 10598 13760 
36 38 39 242 932 1530 1542 1617 1838 1840 4373 7182 11254 
37 38 41 48 75 78 310 334 2237 2238 2250 2958 5729 
32 39 41 48 62 344 1096 1973 2973 8416 10555 10635 
32 39 227 838 2238 
36 38 39 1568 
19 32 39 48 129 156 179 548 589 1067 1402 1578 2062 2708 2855 3174 3524 7221 8203 9749 10649 13043 13556 
32 14933 
39 399 533 547 820 1043 1744 2468 2623 2788 4170 4209 
32 41 48 89 338 420 479 547 2238 2463 2609 2958 3085 4170 11301 11671 14098 15571 15572 
38 110 592 3616 
41 79 226 408 418 488 535 615 673 824 1082 1469 1600 1795 1814 1980 2053 2100 2135 2211 2596 2634 2831 3270 3756 4028 4682 4911 15832 
39 1285 7895 15832 
39 76 161 225 242 334 1210 13128 
39 653 753 
38 39 55 
39 48 82 169 459 762 1951 2858 3897 4007 5967 15345 15798 16010 
0 39 41 397 1023 1067 1421 1591 2011 2238 2257 2607 2966 3799 4323 4825 5879 8934 8978 9144 
32 54 65 352 673 740 749 974 1016 1121 1323 2165 2188 2809 3297 4922 5306 5325 5351 5825 7873 
39 48 258 374 388 418 1075 2715 2907 3189 3761 4513 4911 5315 7643 12929 13443 
10 32 4087 5244 5291 
39 1252 1659 2259 2520 2633 
32 39 48 66 129 272 338 610 773 779 824 1307 1361 1880 1962 2783 3368 4149 4269 6249 
38 39 48 249 390 1404 1473 2760 3884 7336 
150 306 547 727 1340 1352 10525 14933 15618 
39 921 1336 1561 4588 5889 6244 12967 
39 48 3669 4174 4604 
251 2621 3294 3435 3517 6039 9450 9979 
271 1075 1309 3596 5919 10977 
393 438 1811 
32 39 48 3722 15623 
39 48 89 103 259 396 2160 2238 4294 4325 5051 5377 5405 7861 10074 10481 
12 22 32 484 824 1004 1165 1246 1924 1973 2437 2674 2907 3270 4905 6553 7986 12973 13662 
220 1196 10076 
38 39 48 175 492 586 597 705 712 840 1355 1741 1782 2160 7505 9737 14120 
5 39 270 405 740 930 2988 12647 12703 
48 229 740 2457 6354 8279 14373 
39 41 48 270 556 1556 1791 2572 4547 4548 4985 10450 
12 858 1756 3232 3807 5530 7273 7417 8003 8161 9702 10683 10900 13679 
501 1814 1884 2329 2343 2876 2880 2902 4207 14098 14493 
32 3119 
251 856 1017 3765 8371 8372 
31 32 39 48 734 2065 4660 
60 133 216 424 1494 1677 1872 4701 4988 5786 10656 12491 
209 1209 1578 1972 2080 2470 2975 3991 4271 4945 4946 4947 6497 
2199 3021 5358 6447 14099 
39 2065 4344 
48 2184 7110 14933 15345 
38 48 123 147 170 229 334 363 1642 2173 2521 3894 4767 6746 9095 15578 15639 
39 317 535 2538 5860 7331 
39 48 235 2375 2395 4282 6012 11471 
79 413 1135 5152 11737 
36 38 39 41 48 156 235 317 533 727 1578 2468 2942 8945 
39 41 48 763 1746 
32 38 39 48 504 1393 1664 2259 3904 5192 11213 14579 
39 48 64 106 272 548 1704 3068 4588 11266 
39 5605 
37 38 39 48 161 647 769 
206 995 1657 2325 3604 4432 6044 
39 3964 4064 13094 
39 48 2040 2798 
48 2546 3521 4267 4340 10611 10875 
123 225 728 3206 7868 10879 
32 39 209 405 525 648 703 1269 1949 2795 3080 3174 3297 3989 4379 5147 9777 
39 84 175 14062 
1327 2505 5146 12982 14098 16010 16011 
38 48 105 161 267 806 2135 2353 4383 
39 41 48 65 91 589 604 956 1022 1083 1277 1489 1655 2167 2930 3317 3539 4525 4770 6340 10510 11397 
39 41 48 2167 2493 5152 
48 49 861 874 1020 1025 1260 1309 1343 1964 1973 2187 2214 2283 2557 2721 2822 3322 4026 4028 4144 4945 5685 6270 10498 10573 11555 11656 12997 14546 
39 48 703 6447 
48 89 201 740 2046 10656 15618 
414 556 1476 2957 2967 4391 5531 5778 5968 9865 9924 10392 11161 13603 13616 
48 258 589 592 1393 2715 14098 
2238 11254 
38 39 41 47 48 50 70 365 584 707 830 831 1288 1344 1491 1867 2733 2792 3811 4257 4278 6136 10420 10473 10757 10872 11557 12543 12554 
32 39 48 772 1115 1568 2276 2343 3219 4940 7112 
36 38 237 1727 4251 7353 10493 10499 12910 14805 
32 48 650 691 1981 
32 48 533 727 4453 12991 
48 412 1592 1836 2184 2238 3265 3282 4282 5976 6120 6213 10442 10984 11426 12269 
225 7978 
32 39 89 438 4129 10129 10611 
286 
19 32 39 730 731 1281 1619 2240 2279 4376 4636 6364 9029 9501 12491 
48 68 365 11425 13998 
48 1396 2505 2559 3024 4595 5090 5189 9057 10910 
48 
32 438 570 2678 2836 
32 48 
32 39 1531 1532 
30 89 1104 1938 
39 48 846 1343 1711 1739 1826 2451 2517 2855 3057 4238 4258 5588 8213 8959 9010 9015 
39 48 49 585 990 1020 1158 1260 1964 2043 2557 3368 3520 10441 10653 12062 12365 12491 13060 15063 
32 36 38 39 48 1355 10414 12951 14981 15988 
32 89 94 193 206 352 485 571 599 741 743 855 863 976 981 1372 1456 1469 1519 1973 2290 2651 2796 2996 3436 3580 3873 4010 4031 4037 4170 4198 4345 4350 4416 4432 5074 5200 5372 5608 5620 6485 6980 7396 8246 
39 363 1481 1594 4312 4557 4771 6532 10551 11555 12278 14325 
48 887 2225 12062 
48 213 428 438 589 592 976 1062 2199 3721 4303 9501 
39 227 548 
32 48 103 260 264 1004 1209 6060 
38 110 3904 
1422 1738 4265 
39 48 161 
10 39 41 89 99 168 191 251 426 805 892 980 1103 1123 1144 1291 1321 1327 1435 1527 1595 1833 1883 1920 2588 2879 2983 3292 3361 3483 3589 3596 4444 4975 5340 7176 
39 41 79 405 904 939 1355 2775 2801 2991 5128 10551 12222 
39 48 338 403 12192 
40 147 334 2598 3160 5387 12070 
39 48 1821 14975 
38 39 105 147 692 1417 
38 48 371 1121 
39 49 570 592 907 1048 1282 2900 6024 
23 60 499 2058 2064 5323 10617 
39 66 112 225 270 271 479 1558 2227 3095 3156 3951 4358 5152 7592 7892 7905 15294 
39 65 413 11608 12925 13082 15150 
38 39 643 1188 
19 39 48 185 424 444 592 
39 48 4682 
48 161 1747 2108 3868 5300 6148 6643 
39 
48 399 2329 2437 2788 2814 3724 3774 6696 9996 13079 13443 14087 
1308 6615 9263 
32 39 48 65 432 475 1814 1976 2399 2621 3036 3891 4976 6143 
48 803 1146 1859 2144 3616 
194 512 781 1014 1050 1347 1728 2023 2030 2492 2546 3276 3308 4056 4189 4267 4966 5067 6133 7687 
41 49 650 
39 2173 4588 7726 
36 38 39 48 522 1123 1192 1654 1715 1779 1809 2053 2054 2793 3840 3966 4057 
32 48 99 185 247 339 349 384 734 751 824 932 1011 1103 1127 1206 1207 1233 1372 1476 1527 1543 1715 1762 1765 2147 2294 2709 2764 2976 3186 3447 3468 3604 3664 3678 3693 3752 3968 4105 4110 5098 5191 5921 5936 5937 5938 5939 5940 5941 
39 4020 
32 39 48 11616 
0 39 225 659 4060 4899 4972 6924 11296 11644 
39 48 3358 4581 
32 38 43 110 170 371 9000 
32 39 48 89 4779 8695 12001 14338 
39 48 164 166 167 684 767 994 1994 2241 4185 4548 6034 7208 9150 10487 11027 11732 14065 14102 
39 41 48 79 259 291 345 351 829 1589 1872 1996 
65 161 1826 5041 6190 12943 12951 
48 251 1629 3232 3330 3331 4077 5869 6292 10066 
39 48 1135 1146 1654 2147 10469 
39 48 225 2238 
39 41 48 76 193 250 1066 1067 1126 1600 2238 4170 4554 11051 15832 
32 1517 2147 2652 3270 4776 5614 
38 39 48 110 887 2840 
31 39 48 62 649 728 1056 1713 2122 3372 5215 6089 7868 10409 11798 
37 39 48 
38 39 371 3799 15127 15257 15258 
37 39 48 
249 710 1148 1488 1786 1836 1848 2325 2402 2855 2987 3751 4972 5378 5651 7310 10397 10420 10990 14006 14431 15033 15062 15132 
39 89 261 310 897 2015 2430 2775 3171 4141 4996 5446 10440 12933 13413 
32 39 41 48 475 1316 1329 1548 2272 2389 3204 3641 4018 4132 4394 4539 4993 5127 5962 6798 6799 
32 39 48 69 147 338 2378 3086 3317 6103 6577 7129 10553 13189 13893 
32 48 200 543 760 2804 6128 9501 9509 
32 39 48 489 886 1257 1517 2015 3676 10525 
150 185 258 549 861 1023 1067 1126 1874 1875 1925 2145 4165 4983 5289 5522 8403 
38 39 41 65 390 705 2543 3837 
1 31 39 41 48 60 362 540 766 860 1277 1394 1548 2137 2140 2535 2654 3207 3445 3476 3636 3684 4113 4561 4731 4901 5108 8160 
39 48 421 740 1327 1359 1360 2004 3922 4847 10480 10533 10831 10902 11987 12502 12606 
9 36 38 39 48 237 310 396 522 544 765 1020 1486 1677 2170 3964 5884 8211 11039 11840 
32 101 352 440 449 458 538 651 740 851 1313 1867 2344 4451 6382 6447 6474 9073 
39 237 1447 
48 117 337 399 1185 2129 2260 2421 3035 3185 10441 10588 
225 2238 2254 5728 9059 
48 237 1275 1986 2051 2283 2550 2842 3099 3125 3499 5133 6615 9263 
39 43 185 236 237 264 338 411 1525 2135 2188 
52 98 185 288 358 415 485 592 1082 1096 1242 1684 1804 2097 2115 2272 2395 2450 2501 3059 3483 3493 3494 3546 3907 4162 4567 4630 5807 5968 6217 6498 6574 8068 8313 9777 10819 11617 11889 13334 
38 39 48 60 110 475 
39 552 812 2199 5323 13464 
39 694 
38 39 48 65 105 475 1214 6387 11170 
37 38 39 389 
2 242 2212 3759 4308 4945 
65 418 703 4362 7763 12925 13060 13566 
39 237 338 811 1481 4613 
32 78 576 639 3343 4779 11522 13533 
9 37 38 39 1638 1986 2840 4556 5943 8004 9547 
39 48 178 1327 2958 4011 5872 6692 10484 10659 11675 
48 1435 4883 6745 16155 
39 89 242 249 260 310 1480 1912 2186 2351 
39 2599 12925 15045 
39 1786 2728 
39 48 438 1027 11326 
39 48 237 597 718 757 975 1043 1393 1786 2075 2504 2767 3903 4105 4538 7628 11491 
170 
41 79 1872 
48 464 664 2138 2326 6593 12100 
1178 2036 2037 15745 
32 38 39 47 48 60 255 1356 2329 3551 4051 5237 7671 8915 
38 39 286 297 420 591 677 1600 2026 2122 2721 4405 4429 4464 5633 6754 14655 
402 408 479 563 584 801 978 1000 1113 1143 1386 1911 1925 2371 2656 2812 2872 3214 3322 3323 4229 4509 4812 4889 5107 5256 5338 6255 6631 7408 8031 8335 10471 10693 10694 11839 
175 225 1355 4899 
39 48 592 3546 5330 11039 11224 11503 14120 
32 39 79 411 479 1871 2117 2254 2399 2537 9669 
588 2026 3318 3320 3321 10770 11539 
141 225 1410 3081 
32 41 108 548 611 961 1403 1570 2011 3324 3973 4472 7718 9510 12677 16430 16431 
38 39 48 110 237 626 2182 2951 3149 12763 14933 15252 
39 41 48 103 225 310 548 596 1055 1344 1572 2051 2706 3248 3791 4899 5051 5113 5728 
39 41 229 585 2179 2435 3093 4683 4974 5809 6266 6340 6373 7236 7390 8899 8982 9010 9650 9651 
38 39 60 110 408 476 749 944 1568 3404 3883 3981 4382 4614 4618 4632 4899 5496 5505 5755 5821 
1807 1903 3483 4883 8068 10897 
38 56 9705 
39 
107 809 9105 10574 12946 
39 41 101 533 993 2894 12959 16217 
675 1393 1568 3185 3362 8004 
32 44 497 640 773 942 1276 2854 2874 4376 4465 4841 5442 5608 6303 7920 10623 10696 
39 
739 860 976 1248 1456 1897 2671 3873 4604 10213 10278 
48 464 7393 9953 12959 14357 
12 39 48 65 491 681 765 843 1179 3350 4524 4899 4913 8092 10568 11254 15127 15258 15369 
32 39 48 310 12951 13556 
39 
32 39 48 929 4139 9940 13443 
38 286 1727 
39 259 319 388 489 535 766 966 1448 1986 2787 3896 4779 5051 9381 13764 
32 39 48 89 101 415 475 544 567 739 984 1003 1222 1517 1822 1845 1899 1994 2281 2424 2815 4336 4488 12996 13313 
9 39 141 251 264 388 587 1301 2496 2714 2953 3465 7341 13032 16195 16217 
39 48 62 730 731 939 1403 2612 2626 3024 3279 3518 3664 5789 
39 649 1930 2388 2559 2623 2874 4209 4258 4502 10696 
101 201 440 549 823 2051 5124 5153 13250 
39 48 533 664 2297 4982 6859 
41 
39 48 136 548 610 611 961 2049 4882 4981 6126 
39 41 48 1393 2091 7404 8932 
39 141 2177 5172 8986 
32 38 41 48 225 479 790 1233 1435 1765 2042 2239 2425 2550 2685 3270 
48 225 781 2626 6343 6692 11460 12925 
2170 
36 38 438 1459 3706 10074 15571 15832 
32 39 41 1218 6150 
438 932 2669 3012 5086 
62 575 1434 1833 2320 2919 5198 5390 5391 5392 
39 48 89 249 543 803 1327 1866 2325 2466 2524 2708 3314 5180 5458 6618 6855 
38 39 47 48 504 7646 14623 
31 89 812 1143 12082 
48 147 237 251 310 341 704 877 1714 1813 1987 2343 2692 2818 3476 3502 4685 4816 5280 9050 9060 
1543 1973 2378 3294 
48 694 1345 2184 5269 10573 12852 
39 48 639 713 756 1435 1803 2056 3390 3483 4278 4940 5489 14068 
41 237 319 475 877 1120 2525 2571 2741 3336 5152 7105 8590 13056 
39 41 89 270 310 618 1308 
38 390 
32 39 4763 10858 
374 4890 5870 
39 48 589 593 1715 1958 2622 3366 3498 4171 4642 8317 15099 16010 
32 41 48 413 589 671 981 1783 1791 1796 3317 4055 4119 7975 16217 16303 
32 38 110 12959 
48 165 166 544 682 684 734 1135 1307 2684 3055 3751 4024 5232 5339 6947 10526 10611 
39 48 3316 
48 89 301 783 913 926 984 1693 1938 2199 2417 2811 4097 5199 5358 6331 
41 48 65 270 271 475 828 2199 2406 
39 41 48 79 662 963 1609 15210 15345 15811 
32 39 41 48 53 101 167 198 301 308 309 310 347 397 426 432 592 623 744 961 984 1067 1093 1145 1269 1344 1380 1430 1678 2212 2223 2602 2651 2657 2764 3316 3375 3539 4373 5339 5453 6445 7427 10456 10677 11264 
39 41 225 566 623 2071 3402 3537 3539 4974 9634 
39 255 796 824 1385 4377 4740 14665 
18 39 48 573 2111 3094 3185 4664 5051 13253 13414 14020 14062 
39 48 408 475 947 1353 2895 
38 39 89 1831 10579 
141 218 225 271 310 365 379 442 1568 2281 3082 3427 6109 6762 9649 
5888 12289 
39 364 4363 4770 8608 10079 13556 13603 13615 13616 16010 16011 16013 
1031 2097 2130 4188 5539 6521 6781 
39 195 272 405 1031 4661 
38 39 48 286 319 320 1249 1617 2242 3121 4580 4901 6190 6231 9718 10491 14478 
39 48 494 524 546 1964 4141 
39 41 271 1559 1609 2188 5851 12925 14933 
39 65 684 3870 
32 702 1283 2238 3149 4627 7910 10409 
36 38 39 110 4078 12918 13080 
39 48 855 7985 10999 
39 317 341 535 578 639 1290 1336 1341 1698 1737 2091 2356 2837 3551 4299 4445 4694 4927 5113 5407 6113 7124 7625 8031 8211 9541 12296 12509 14573 14808 
39 41 1127 1249 2625 4642 12386 
32 39 162 627 855 1702 1958 2048 2909 3295 3323 3486 3676 4202 4457 4464 5297 5998 8065 
39 589 1031 1069 1659 2415 5862 7553 
36 38 39 48 60 79 389 432 803 1837 2229 10602 10605 
39 48 101 185 213 328 340 458 533 583 681 731 916 931 1012 1034 1082 1668 1816 2118 2286 2496 2592 2812 2833 3094 3681 4195 4441 5517 5961 8154 9579 
39 727 956 961 2135 6882 10440 13887 
38 39 56 225 351 4317 
51 225 384 766 828 1062 1934 2323 2326 2775 3034 3194 3873 4017 5742 6737 10809 11397 13608 13744 14040 14112 
39 41 48 246 2626 
36 38 39 48 89 396 1313 3005 3072 4471 6401 12951 
49 574 2509 
39 4133 4307 14098 15232 
32 1845 11276 
38 39 48 170 364 659 1288 4640 5594 10268 
39 48 234 236 249 979 1219 1230 1527 1547 1976 2039 2468 3106 4433 4486 5147 5934 8403 10949 13052 
39 48 438 1166 1214 2225 2997 6128 10818 12240 13457 
39 48 3950 7484 
379 415 667 681 878 1104 1370 1661 1720 1755 2075 2097 2543 4517 4941 5693 13595 
39 48 1609 4171 6783 10897 11531 14933 14953 16010 16011 
38 39 48 89 209 1529 13469 
39 475 592 766 
39 511 8230 
38 370 4899 
39 41 201 261 301 374 740 2421 3221 5116 10419 
32 38 48 110 201 225 533 677 1003 1082 1144 1159 1232 1244 1994 2080 2325 2788 2814 3012 4817 5757 10943 11254 13197 
39 48 185 271 318 1120 4643 9001 9858 10538 10623 
39 765 2621 12943 13427 
246 4445 
38 39 41 48 170 768 2420 8385 11600 
48 214 270 300 340 384 607 725 1115 1523 1812 1956 2524 2917 3068 3270 3813 4282 4298 5469 5563 5611 5862 5894 6583 7712 9605 10175 10442 10467 10468 10469 
39 49 101 185 261 368 522 854 9555 10374 11747 11794 12671 13464 13616 
255 434 9175 9648 
101 161 540 916 1009 1290 1731 2284 2347 2505 2633 7527 11425 13610 14093 
48 60 204 270 447 464 1069 1771 2072 3194 3354 3988 4011 8794 9859 10515 13041 15618 15666 
1 39 41 866 1031 1242 1744 3700 6387 8623 8985 
39 48 378 4077 4524 14892 
39 48 2297 2319 4257 
19 48 49 123 220 222 338 1343 2023 4207 
38 65 67 110 156 170 544 756 762 885 889 1682 1895 2166 2593 3194 3445 3560 4310 6024 7229 7969 8080 
32 36 38 39 41 48 112 561 1146 1440 2227 2249 2250 4033 4153 
38 39 48 570 1188 
39 
65 203 260 413 6249 6928 12808 
32 39 48 479 492 2360 2437 2524 2617 3098 3724 5733 5912 5980 10835 12134 13129 14221 14259 15047 
39 48 51 53 89 156 234 533 566 1463 1527 1543 1637 1995 2105 2383 2468 3425 3774 4466 4550 5651 6638 10909 13466 
48 2626 
32 39 48 237 414 764 1479 1814 6712 
189 301 566 827 916 1041 2191 2377 3532 
32 48 79 89 147 249 475 640 704 746 1144 1355 1638 2506 2656 2772 2889 2958 4096 4811 5023 5289 5524 6273 
257 426 502 1344 1692 1744 1821 1929 2022 2425 2671 3159 3875 4739 4740 6173 6177 8858 8930 9010 
38 39 41 48 475 1590 
48 2167 3895 11615 15406 
38 39 48 94 129 168 175 176 405 533 550 1355 1829 1831 1986 2065 3510 4344 10515 10612 12437 13051 
32 36 39 195 351 549 561 612 659 795 1156 1570 1758 1819 2109 2184 3311 3410 3526 3527 4176 4739 4740 5152 6099 6173 7999 10128 10483 10969 
32 39 48 101 828 1035 1642 1763 1784 2284 2313 2388 3279 3553 4630 4790 7963 9422 9879 10555 13362 
39 48 211 226 412 1344 2135 4061 7205 12503 
32 39 48 78 1486 1593 2977 3357 5054 5096 10089 
38 110 
38 39 65 286 424 475 760 783 2329 3189 5233 8590 
19 39 1834 1841 3878 5614 11079 
39 41 48 479 12951 
161 234 681 1632 4385 
32 36 38 1652 3588 7209 10939 11161 
38 39 41 161 371 1956 3759 4801 
39 490 713 
39 41 48 208 478 1114 2033 2168 2537 2876 3855 5315 5919 6490 9227 
681 1359 3315 4685 4925 
39 48 408 694 1805 2216 
38 39 41 47 347 2343 3886 7697 
39 232 2958 12361 
32 48 703 1393 4632 8883 9974 13405 
38 39 48 89 170 237 267 728 757 837 3034 3533 3673 4625 5493 5776 9859 12050 12932 12952 15144 
38 48 56 518 
39 48 438 7050 
38 178 1831 2617 3862 4097 
32 38 39 286 375 
39 48 798 2987 3662 4353 12959 14098 
38 39 48 170 5048 12935 13443 
39 41 48 225 270 310 413 973 1146 1796 1811 1903 3206 3318 4286 4792 5405 6759 7646 10230 10510 10551 11894 14098 14486 15402 16217 16222 16239 16323 16355 16356 
39 41 48 592 638 1004 1096 1343 1771 1809 1814 2006 2199 3436 3458 3501 3977 4472 4585 4804 5114 5133 5337 
39 48 395 533 677 1004 1600 1772 1808 2209 2469 2664 2763 5152 5178 5378 6338 7176 8308 
48 251 310 387 406 486 824 894 1113 2318 2552 2955 3098 3099 4685 5596 6746 7625 9348 
38 110 12126 12148 
464 787 2420 3221 4901 10535 
39 48 272 586 781 1000 1448 1802 3759 6569 10551 
19 32 62 65 89 459 839 1393 1688 1863 3271 3320 4393 5850 5859 6268 8985 10106 10538 11483 11717 14069 
39 705 1555 4141 
32 48 178 225 740 1045 2406 
18 411 1488 2097 11183 12110 
25 48 65 101 593 1062 1205 1277 1327 1773 1973 1986 2492 3053 4141 6443 6840 8075 8271 9244 
39 48 5708 
32 39 48 89 772 3784 4280 5358 6128 6630 10448 12952 
32 38 39 48 141 179 371 6953 10505 11898 
79 147 179 438 1180 1884 2894 2909 3246 5229 5387 
39 65 155 213 963 1254 1357 3345 6106 6406 10750 11178 11301 
39 175 178 345 3502 
18 39 48 215 441 460 583 809 865 877 885 1082 1562 2064 2202 2521 3220 3964 6630 10555 
39 1870 5244 12979 
48 338 413 548 677 1246 1562 2271 2855 2987 4106 10354 12929 15345 
32 38 56 207 703 790 3080 4374 4463 5147 13897 
39 225 789 1236 
36 38 438 902 2225 2934 3716 4016 4336 5279 
225 271 1313 1562 10822 
197 198 332 522 566 732 1120 1387 1525 1598 2327 2954 3487 5279 7205 
39 48 64 534 2399 3101 3297 4070 5608 8490 8944 11301 12670 13431 
39 41 48 89 201 541 583 680 711 824 1239 1333 1919 2619 2746 2776 3260 3434 3688 4294 4873 8277 11630 11829 13182 
39 103 225 3573 4373 10650 
39 48 79 169 218 809 2184 2557 2754 3272 4027 4764 4913 6489 7646 7869 16217 
9 39 48 420 1709 4779 5895 
32 38 170 310 764 
39 67 68 1881 2030 
38 39 48 105 184 209 286 438 643 664 1220 4411 6696 8882 10535 11393 11903 
39 48 2115 2399 2449 3157 3542 12794 13372 16038 
39 89 94 117 195 232 347 352 408 1015 2065 2283 2527 2768 2870 2998 3367 3518 3662 4060 4353 5407 5408 5559 7364 
48 470 475 753 1004 4699 5224 6236 14883 
48 270 426 1531 5694 9001 
39 48 357 413 454 606 976 2440 2475 2672 3021 3682 6447 10448 
39 48 174 258 438 3577 4643 
38 41 89 170 412 
36 38 48 888 912 5491 
23 65 129 185 260 581 618 1083 1085 1559 2353 2815 3709 3750 8179 10513 13021 15832 
39 41 1146 1232 2515 2883 3616 3719 
38 39 41 48 151 170 783 1286 3965 6399 
1673 
38 39 170 171 179 1319 1435 1446 1578 
32 39 15266 
39 2785 
39 48 907 1417 1848 2081 3761 4306 4357 7090 8691 13375 
2484 11936 
48 65 89 150 168 192 347 426 587 685 703 1010 1071 1864 2046 2238 2364 2380 2788 3060 3345 3454 3850 5289 5596 7382 10443 10490 10520 10525 12925 12935 12946 14812 14872 
23 32 39 48 117 225 806 831 1768 2233 2808 2991 3189 4899 6266 10703 12982 14098 14933 
79 225 251 441 547 731 772 820 885 1004 1281 1332 1936 1994 2383 2588 2876 3324 4170 4502 5037 6725 7396 9010 10693 10696 14006 
32 269 518 1702 1872 2856 3466 13041 
94 147 301 812 880 1000 3267 4453 4831 5126 6536 10446 10796 11794 12199 13012 13281 
39 48 581 781 3553 3577 10969 12925 12959 13174 
41 48 89 320 396 405 458 596 772 1066 2430 4207 4996 5330 5597 
48 60 2792 4897 
5613 10906 
338 412 420 649 805 824 1390 1693 1772 1890 1910 2115 2187 2216 2353 2728 2998 4075 4159 4244 4545 5076 5309 6143 6881 9985 12965 13556 15471 
32 39 48 60 255 310 3458 
533 681 3964 5465 6964 10447 
15 41 449 1343 1973 2573 4340 5194 5405 5538 5603 10481 10943 11110 11716 14098 14935 
32 36 38 79 110 433 434 650 790 1344 12503 
30 31 39 41 48 65 117 195 379 522 976 1315 2160 2566 2567 
708 1736 7209 10175 14926 
32 38 39 110 237 785 1676 1871 1951 2013 2166 2254 2505 4215 4436 6844 8019 8668 9917 10058 
39 272 4220 9441 
32 48 351 
38 170 242 
12 32 405 1083 1357 1401 1973 2168 3635 4357 4495 4743 
32 270 4279 
48 1022 5403 14999 15345 16443 
39 48 242 2428 2599 5999 6920 
39 48 99 597 801 3345 
39 48 78 89 2119 4221 8838 10423 15018 
39 533 967 1060 7205 
706 10074 13313 14220 15578 15932 16010 
36 38 76 274 342 371 388 442 488 1020 1239 1243 1489 1962 2105 2325 2893 3270 3951 4388 10446 13054 14098 
38 39 441 504 809 871 1435 1597 2064 2070 2141 2318 2437 2495 2805 4552 9134 12146 13443 
48 122 209 892 1160 1390 1580 1842 1847 2495 2625 4048 4152 4424 4985 5405 6593 7186 9193 
39 41 89 123 147 237 592 1291 2958 
41 396 780 1082 4481 4482 
32 39 6098 
2961 3872 7954 12103 12135 
32 48 79 407 783 798 806 930 1275 1393 1693 1763 2097 5821 6602 8478 11768 15039 15284 
39 464 1991 
39 48 1055 6430 
39 41 156 215 677 1358 3964 5549 
10 19 147 225 272 728 1308 1327 1700 1741 1771 2061 2225 3553 4570 7648 
39 48 2731 15959 
39 41 185 193 6076 10446 
60 75 77 285 449 474 593 673 690 833 1020 1693 1696 1837 1846 2315 2370 2464 3046 3361 3835 4377 5569 5594 6203 6334 7473 11468 14033 15058 
32 222 424 8553 
38 39 41 48 163 438 1188 1803 1918 2059 2694 2856 3574 4707 6309 6575 10476 10787 10995 
37 38 39 41 48 237 892 1039 3489 
39 147 392 407 4244 4990 
48 432 1922 2284 2559 2692 3024 4947 7252 
32 39 41 48 79 101 161 533 596 1123 1371 1625 1715 2164 2631 2795 2822 3144 4433 4486 
6495 10742 
38 39 48 286 1210 14630 
403 2910 12575 12659 12660 12661 
39 76 1026 3616 4437 7646 
38 110 215 
32 
32 39 48 79 141 205 237 2254 2687 3277 
39 2186 
38 39 48 170 734 1594 1595 2052 2208 9555 
39 225 232 242 581 589 783 966 2533 2879 2988 3297 3420 5037 5462 7205 10651 13074 13334 
39 117 119 227 1179 1587 1841 5952 
38 39 47 454 1091 3320 
32 39 1483 3841 
48 107 220 226 250 337 413 415 525 549 667 772 773 808 849 938 993 1052 1144 1382 1763 2380 2392 2437 2559 3405 3724 4408 4412 5089 5424 5505 11718 12545 12677 14406 14599 
39 48 279 310 368 375 675 799 973 1111 1224 1245 1513 2060 2061 2573 3019 3219 3533 3827 3995 4975 6255 7098 8671 10188 
32 36 38 39 48 79 2199 2775 2811 11151 
48 250 865 1146 1578 1786 4722 4817 
48 55 237 350 740 1762 11114 
39 48 914 4843 16010 16011 
48 704 15238 
37 38 
39 
48 89 648 772 1686 3357 3361 3856 
9 32 39 48 89 401 2150 3964 4074 8320 10374 11270 12937 12983 
32 39 
269 2523 13089 
32 41 48 60 301 501 694 1683 
103 249 
39 48 269 637 885 1435 2046 3505 5496 5755 7751 13041 15659 
39 48 535 2449 7112 
32 36 38 39 48 694 3546 10451 10553 10606 
9 31 39 48 420 878 1538 1951 2135 2166 3985 4974 12925 
39 48 813 2252 2437 3404 4265 
32 39 48 77 220 251 310 513 591 3194 4310 
79 647 769 1034 
12 31 38 39 41 48 53 89 269 286 297 338 441 543 544 581 809 1232 1353 1417 1493 1593 2524 3668 3964 4080 4264 4705 9059 9294 10125 
39 41 48 310 413 514 660 1422 1513 2091 2364 2614 3361 3476 3946 4438 15578 16217 16265 16329 
38 39 1476 1529 1543 1987 6106 6118 8160 10440 11191 11278 
32 60 262 301 592 936 1600 1715 1861 3270 3323 3417 3662 3965 4851 4852 
48 3855 4468 6765 9501 9692 
136 399 1067 2852 2853 2854 
39 48 413 485 486 857 1701 2187 2706 2729 4087 5557 10283 10491 12365 12996 
39 48 60 234 255 595 653 753 865 1390 3801 4127 5237 5296 9657 11175 12952 14237 
32 39 41 48 201 402 407 475 522 570 646 703 720 766 1198 1265 1286 1393 1430 1629 1765 1859 1962 2014 2017 2053 2259 2528 2532 2802 2872 2930 3404 3411 4156 4389 5116 5344 5720 6587 
39 115 441 449 589 691 789 910 3808 4162 4546 4800 7003 10034 12361 13334 15345 
38 170 677 3047 3185 3505 11992 
39 407 577 1837 2575 3926 4630 4975 10451 11397 13043 16217 
48 3089 3759 4055 12959 16217 
38 39 41 48 103 229 237 286 569 938 1013 1209 1746 2310 2389 2649 3879 5485 7046 9150 9986 13017 15675 16430 16431 
270 389 652 1048 1074 1107 2151 2182 2329 2775 3112 5342 5613 10653 11036 
48 1313 1693 1715 2550 2635 3343 
38 39 41 48 56 1168 
31 39 41 48 255 2254 7472 10610 
714 1357 2635 3345 4340 4703 9843 13662 
23 41 48 211 261 432 1057 1422 2117 2661 4887 6959 9137 10687 10690 11076 
39 2357 
32 39 48 60 244 458 570 648 675 723 751 799 828 1302 1485 1685 1769 2015 2569 3080 3082 3194 3279 3316 3457 4060 4214 4662 4981 5104 5147 5406 5571 5671 5675 7057 7364 7690 8482 10087 
39 41 
19 48 266 11242 
38 39 48 56 89 107 351 479 1698 2039 2598 2870 3309 4357 5641 
32 38 52 104 110 755 886 1345 1592 2052 2729 3314 3458 3565 3904 4051 4830 4969 7895 8031 8640 13013 13170 14367 14386 
39 41 48 533 764 2840 4462 6369 8793 9169 
32 39 48 6405 9669 
9 39 690 837 842 956 1291 2193 2991 3465 3724 10605 
39 60 78 280 2376 3332 3458 3516 3653 3713 4265 4401 4479 4699 5328 5391 7687 10515 10673 13043 13734 
5717 6094 6566 
365 1653 7180 14590 
39 48 475 1313 8177 
32 41 660 1307 2990 3735 3977 
39 42 48 225 258 536 548 805 886 4281 13170 
32 37 38 39 408 1334 2423 3571 5152 12621 
48 179 276 380 481 3451 16199 
39 48 50 301 420 783 1113 3623 3811 4129 10963 
36 38 94 1372 3462 14386 
39 41 48 337 438 740 759 808 1874 2115 2793 14634 16176 
32 38 39 41 47 48 352 384 522 604 824 1161 1360 1715 3411 3722 4131 4346 4562 
32 39 48 255 310 341 342 522 571 605 623 759 987 989 1372 1481 2515 3086 3221 3888 4764 5316 9887 10448 10642 13738 15099 
39 48 1291 1638 2037 3037 3039 5481 5755 5987 
6 62 521 621 755 991 1232 1795 2069 2376 3388 5026 6748 13499 
39 1014 1585 2329 5797 14804 
36 38 39 41 1333 10543 
39 48 200 255 475 729 1274 2068 3102 3177 3553 3994 5128 5700 10102 
694 1430 7441 
48 5503 14900 
39 48 65 365 406 715 781 926 1016 1237 2800 2949 4267 4940 6135 
39 48 759 846 1027 2375 2820 3151 4226 4424 4801 10515 10573 14654 14896 
39 48 237 419 440 535 941 956 1476 1779 1973 2536 2624 2933 3577 4776 5633 6461 6881 7562 9577 10410 10488 10691 13701 
38 39 55 110 2662 
38 39 48 271 370 536 1081 1111 2977 
271 4940 10526 
1589 2193 3209 14367 15569 
48 60 76 117 185 415 426 479 550 571 976 1198 1239 1639 2208 2988 5741 9140 10651 11615 12715 12952 13464 
1099 4778 
39 956 959 1609 2133 2788 2958 3383 6696 10427 15126 15149 
2046 2833 5343 12982 
32 48 
41 413 527 2358 4317 5467 5958 7895 9445 11198 11822 12063 
39 41 48 271 301 340 766 1005 1283 2329 2951 4685 6028 8771 8915 8978 9113 9203 9280 
18 32 39 48 69 150 237 258 405 413 442 464 475 535 540 636 646 649 675 680 730 833 959 1014 1209 1214 1239 1390 1435 1987 2327 2408 2890 3626 3861 4801 5524 6190 6748 7559 9798 10531 10533 10651 10775 11276 13059 
32 39 41 48 147 279 310 338 423 713 979 1249 1659 1781 2290 2554 2631 3297 3400 3724 5248 6518 7687 
39 48 1277 
39 41 48 414 488 592 677 1029 1578 4271 4650 4945 4947 4948 9194 9195 9196 
1 48 60 71 596 606 1075 1495 1821 2118 2424 3636 4123 4251 5178 8590 9618 9843 10441 13461 14568 14596 14618 14636 
32 39 225 271 604 3673 4277 14989 
89 660 1192 2209 2210 2211 
39 41 8978 16010 16011 
39 4412 11717 13120 13748 14288 
6 48 96 266 651 885 1693 1996 2763 3171 3561 4159 5124 10294 10423 15798 
36 38 39 110 3488 10056 
1052 2879 
39 310 396 1111 1230 1268 2170 3085 4369 4771 5767 9555 
39 6194 8764 
147 511 2749 12996 
38 39 55 281 14542 
38 39 48 105 3951 6194 
3516 3760 4066 10175 12429 14098 
36 38 170 242 827 932 1013 2506 2593 2760 3270 3472 3675 3851 
39 73 201 314 2080 2324 9669 11605 
23 39 48 1513 1956 3047 3353 3392 11249 
39 48 1581 3606 
39 8730 10451 12959 16200 16217 
48 244 3915 5074 5485 8654 9887 10441 
32 39 48 338 488 522 794 1316 2524 4056 7938 9337 10561 13433 
36 38 39 389 664 1176 1207 2024 2477 2481 2741 2773 3090 3393 4737 7749 
38 39 48 170 640 646 1250 1424 1545 2004 3752 8031 10401 
39 48 708 979 4048 
23 32 38 39 48 60 89 110 606 608 1046 1616 2031 2805 3042 3759 7932 12152 13277 13461 14672 
32 101 237 1702 1715 2561 
11 39 48 189 1295 2095 3243 6131 
30 39 41 48 114 237 396 413 573 770 805 1417 1923 2561 3811 4176 4207 5615 5704 5771 6126 8691 10788 
592 1658 
2 39 48 65 67 488 506 507 548 590 760 772 1110 1607 2987 3060 3109 4707 7207 9575 11246 11432 
43 1291 
39 488 681 2388 2669 3012 
36 38 103 170 958 2436 4768 
1 328 603 932 1291 3621 5521 
48 783 2876 3861 5315 6965 7191 9151 12693 
62 319 621 704 1356 1677 2162 2440 2639 2810 3250 3279 3368 3786 6190 6387 8241 8887 8926 8983 9377 9681 
32 1082 2840 3414 6267 6279 8402 12943 12951 14180 
48 1146 2574 3203 10249 
30 161 344 1020 1611 2524 2776 3102 3136 3793 4583 5071 5767 10819 12070 13225 
39 1253 1410 2496 3083 
312 313 553 561 1156 3870 4740 
41 225 266 323 389 824 987 1602 4913 
32 256 943 1046 1209 6602 14027 
38 39 47 267 831 2917 12547 
39 48 98 147 338 846 2026 2567 3501 4310 11067 
38 48 286 1590 2805 
39 95 271 812 1396 2215 2987 3297 3412 4068 5465 
48 88 237 243 398 544 589 703 1313 2056 2113 4034 
39 48 1783 3279 4224 
32 39 48 67 108 153 405 611 798 905 1159 1920 2216 2548 2988 3510 3616 3683 3988 4226 4512 4546 6743 10515 11093 13143 14233 14630 14833 14916 
310 413 640 1776 3533 7938 12280 
32 38 41 48 413 447 640 1004 1298 1604 1727 2242 3270 4340 7687 13752 
39 227 399 
740 2004 5122 7646 16362 
39 41 
0 39 41 48 102 251 1602 2202 2437 3104 4357 5708 6128 9887 11692 13057 13443 15588 15674 
39 48 156 806 1393 2842 3558 11009 13032 
39 48 1144 3388 3467 4063 4260 5422 5683 10428 
32 38 39 41 170 1250 4129 
32 39 41 48 103 156 888 903 1219 1872 1910 2284 2505 2656 2723 2856 2882 2983 3316 5684 6430 6999 12925 14098 15345 
39 41 225 271 418 522 676 2208 2331 2437 2692 2843 3361 10427 
32 38 41 79 150 232 371 464 490 594 681 976 1249 1340 1640 2286 2775 3867 9082 9664 10525 11378 
38 39 48 286 3729 8169 
702 1161 7751 
39 48 13008 
80 171 301 323 382 518 594 877 1000 1004 1846 2326 2770 3052 5784 5861 7214 10670 
413 432 815 921 1331 1974 2271 2612 2742 2976 3028 4174 7629 10448 
32 39 7020 
0 39 48 96 117 185 255 284 467 544 560 589 604 791 1012 1185 1239 1333 1348 1451 1791 1937 1964 2171 2561 2987 3270 4447 4761 4994 6112 8863 11114 12929 12933 13662 
32 65 71 99 107 108 136 361 396 502 548 549 610 611 691 766 961 1067 2011 2990 3136 3394 5307 5341 5640 6046 6609 7714 10459 
39 10515 
35 1494 6249 9434 10481 
39 68 147 208 1082 3126 3236 4446 
39 48 475 651 809 924 1000 1311 3596 4720 6409 6607 9304 12982 12996 13055 15578 
48 1440 4624 
2343 
10 38 39 1831 4358 11369 
37 38 39 41 
45 48 2352 2425 3673 6843 13375 
39 155 210 420 874 1021 1146 1461 3616 4282 4305 5160 
48 565 2554 4377 
32 38 41 48 110 189 441 490 1352 2004 2723 3267 
39 48 51 82 114 260 328 650 824 1215 1318 1332 1396 2326 2897 2967 3215 4060 4697 4984 9589 
2 38 39 48 69 89 170 759 3149 4051 4779 10493 14598 14606 
2 39 48 103 147 1417 2238 4104 6064 13623 
39 48 209 438 595 1698 2276 2338 2378 2524 4564 5588 
32 873 1362 1962 4279 
39 270 271 681 703 793 1640 2375 3149 3683 10653 
38 170 270 768 4642 13189 15447 
48 565 581 2737 3198 
39 
39 48 209 310 3102 
39 48 310 4975 
32 39 48 171 1808 8978 13556 13602 15289 16010 16011 
39 41 48 264 421 475 793 1057 1308 1664 1714 2523 2588 2721 5742 6200 6581 9059 10460 11181 11387 11397 
39 48 479 2254 7975 13048 
48 1132 2053 3801 4197 4198 6201 
39 48 1903 3445 3532 3827 5785 12943 13056 
1748 5992 
39 48 156 341 480 1020 1059 1341 1703 2383 2773 3720 6179 6581 6674 
23 48 65 101 133 203 312 535 553 1161 1513 1559 1819 2062 2171 2259 2734 3353 3486 3530 3793 4358 4436 4580 4740 5953 7027 8977 12952 13083 14656 
39 1088 1773 2225 6462 6584 
39 48 389 1217 2934 4571 
39 48 131 314 315 454 572 978 979 984 1161 1173 1393 2060 3317 4048 4270 4548 5358 7276 11656 14098 
16 39 41 156 159 297 544 2469 10692 
1470 2536 2903 4688 5948 9843 
488 2659 2926 3870 
32 79 
38 39 48 105 225 640 1991 2958 3647 11695 
1329 1330 
37 38 39 48 105 269 272 985 1361 2573 4439 4682 9062 9555 
39 48 84 367 856 1345 4362 5164 
39 189 595 925 2836 3966 4920 5151 
32 596 10074 
65 243 536 2876 3032 4940 6249 
45 89 95 123 186 237 244 379 415 489 546 570 752 976 1010 1015 1028 1308 1393 1397 1585 1609 2259 2654 3089 3573 5088 14933 15345 16132 
39 283 3371 4094 7594 13079 14806 14942 
32 38 79 110 1076 2622 3464 4629 4694 5152 10965 10966 15530 
39 41 101 413 1701 1714 2399 2441 4336 5617 15832 
38 39 48 269 371 405 10515 
39 242 4642 6555 
37 38 39 48 89 589 1685 3080 3856 4823 6363 
32 736 12935 14809 
39 48 80 563 1609 10515 
130 368 1011 5819 7293 13241 
76 878 1327 1578 1697 4212 6893 
32 1052 6420 6716 9547 
39 48 76 225 271 475 571 583 649 2187 2915 4388 4472 6859 10128 10457 10458 10731 10941 11180 11338 
39 201 416 479 712 919 2150 2712 2769 2800 2834 2880 3558 4336 5127 5968 10452 10901 11557 
310 13637 
79 1825 1826 2254 2555 2872 3253 5651 5710 13002 13153 
41 48 653 736 1015 1233 1344 1483 2004 2050 2144 2425 2908 4007 4111 4585 5021 5222 
525 814 3034 
26 548 906 3851 6867 
2933 6698 
37 38 48 201 270 468 539 1613 3343 4763 6555 9304 
201 438 10815 15832 15874 
32 38 39 47 76 1082 1239 1915 2135 2436 2630 3315 10486 11039 11468 12841 13059 
39 48 89 527 766 2193 2381 
48 267 379 405 415 692 696 699 888 1013 1126 1130 1652 1781 2778 2877 3270 4550 5782 6120 10939 11718 12858 
39 1451 1503 3006 7182 
1435 2968 3270 
174 1004 1120 3673 
120 1230 3799 12977 13163 13350 
17 11578 12956 14102 
38 170 176 209 279 389 405 418 732 754 1025 1078 1476 1538 1659 1789 2706 3160 3759 5255 5395 6011 6409 6722 7396 7829 11316 12881 13581 14001 14019 14901 
39 48 60 131 161 237 2388 2734 5083 7683 11397 11732 
36 38 48 15033 
39 41 415 1275 3431 6284 
32 48 4402 6615 7935 9263 
32 48 
36 38 39 105 303 304 305 306 307 308 309 310 311 312 313 314 315 316 317 318 319 320 321 
39 48 156 475 1327 
36 38 39 41 48 270 3024 3518 5728 5729 10813 
48 338 533 1615 2830 8691 
30 39 41 592 
157 643 1435 2664 3851 
65 117 10728 
374 1344 
39 48 79 89 123 247 807 978 1049 1393 1435 1939 2543 2546 2618 2625 2768 3616 3827 4757 5169 5761 6555 6759 7441 8931 9304 10108 10140 
32 39 41 195 675 2527 3102 3168 4402 5767 6850 6931 8148 8253 
38 39 48 110 10447 12929 16010 16011 
9 19 39 65 525 1417 2480 2817 14374 
38 39 41 48 170 438 1327 
39 48 1146 1178 3616 
39 110 
39 
48 225 795 861 2505 5559 10446 
39 48 65 89 175 325 338 389 783 842 897 1265 1481 2408 2967 3161 3410 3473 3474 3510 3730 3756 4141 4524 4883 5970 10493 10515 10630 13413 14098 14855 14933 
341 703 1327 2168 4961 6374 7940 10060 
18 1923 2988 3482 
1715 5258 5327 6977 
39 48 49 101 213 261 272 586 1789 2430 2621 2792 3270 4336 5416 
