426 485 3270 4326 5416 
48 260 2639 3240 11406 13714 
48 147 317 797 854 1384 1385 1604 1654 4395 6734 7988 11151 13145 15178 
39 195 3673 4386 
17 32 38 1423 1702 3678 4080 4208 4418 4466 5313 5528 6256 
39 237 1842 4524 6585 7284 13122 13565 
39 
32 39 41 48 101 548 874 1494 4698 
39 48 374 405 2537 16217 
48 13334 
39 155 272 3639 5793 
652 766 2212 12929 12943 
32 39 41 266 650 1715 2703 3896 6447 11747 15832 
32 237 334 404 533 1043 1063 2279 2798 4229 9911 10515 
48 155 338 534 589 14099 15472 
3082 10939 
1327 
32 39 48 101 178 270 508 842 1903 2471 2991 13289 14826 14849 14885 14900 14933 
0 12 342 415 558 774 2140 2207 3447 4643 4798 4983 4988 5127 5264 5578 6387 13166 14098 15012 15578 15599 16013 
38 48 78 110 370 489 1600 2164 3510 10208 10295 
38 39 41 48 53 170 185 264 274 310 493 878 916 1144 1393 1875 2210 2375 2402 3150 4108 4630 5191 5970 8929 10170 
32 36 38 39 48 79 159 976 1910 2054 2138 2184 2633 2831 3434 3776 4557 9421 13190 13682 
48 65 606 1004 3855 5325 
2910 
39 48 475 3894 4240 
48 1009 3510 
39 48 65 225 2915 2991 4282 5580 
147 175 178 270 806 842 1026 1355 2238 2406 2991 
32 39 41 79 133 271 475 1763 4596 
38 39 41 1300 1578 1715 2805 3338 4660 
2 32 39 48 94 703 1604 1653 11394 
39 48 60 94 297 310 418 424 460 1113 1486 1678 1704 1768 1808 1871 2013 2808 4607 4843 4919 5200 7295 
39 65 101 310 522 525 757 1477 2476 2573 2894 3071 3094 3349 4307 5358 8694 11608 
38 39 170 396 4267 14077 
39 48 175 178 179 234 423 511 703 763 789 806 808 824 842 1417 2080 2238 4364 4685 4891 7068 7572 10610 11378 12254 
32 38 39 389 3904 
39 60 185 399 413 534 824 913 1454 1655 2415 2854 2873 4546 9912 10250 
39 65 320 325 10905 13174 
32 39 846 1804 
48 1983 3882 
225 7978 
39 41 48 79 475 2254 6068 6956 10787 
39 45 48 65 310 543 560 1771 3776 
48 107 258 338 385 405 422 442 447 831 985 1000 1012 1557 1595 1976 2788 2817 2884 3405 3947 4883 5051 13041 14486 
39 48 956 1814 4005 12284 
39 103 272 486 551 623 2991 3206 4589 8320 12277 12889 14582 
22 38 41 48 56 1498 2847 3693 
32 48 4530 15252 
293 405 452 479 10264 10629 
39 41 48 61 78 89 186 379 386 398 475 533 673 675 734 740 793 831 921 925 1196 1332 1489 1619 1638 1659 1911 1996 2164 2708 2723 2792 2796 2870 2930 3676 4100 4187 4696 4871 4883 5979 7766 8366 9579 10074 10608 
32 38 39 48 56 117 249 753 1144 1609 2468 2878 5108 6526 10188 12929 16010 16011 
39 41 48 606 956 1001 1135 1600 2521 4162 5074 7938 10527 
39 4077 5470 
36 38 39 825 875 2523 
39 1070 1596 1752 2789 2914 3207 4505 5850 6190 9316 10474 10490 11415 14098 
4064 4661 8978 
39 48 255 261 652 714 1024 1564 1659 4134 4136 8279 
432 798 938 1638 1879 1987 2254 2870 3668 4119 5967 6999 10184 10611 10674 11143 11505 11988 
38 39 170 2219 
2 39 48 2184 16189 16217 
39 186 401 491 740 2101 2480 5653 5666 
30 31 38 110 842 1355 8774 16010 
39 1154 11794 
543 1077 2116 3007 3338 16430 16431 
39 41 271 1440 2625 2807 3161 7054 7255 7598 8728 9606 
39 40 48 236 310 644 1525 1597 1638 2621 2764 2988 10716 
39 93 225 1082 6107 8343 11803 
39 41 48 173 225 2238 5667 6343 8235 10268 
38 55 2681 
1235 2420 10490 10635 
1010 2900 4026 
7 39 389 581 813 12951 
39 639 2344 
32 39 
48 65 97 116 438 489 649 759 973 1466 1497 1518 1519 1739 2537 2596 3128 3185 3668 4098 5473 5721 5945 6728 10515 10890 13533 13702 
38 48 840 1273 1337 3028 4393 5295 12959 13074 13174 
9 77 155 258 413 1015 1867 2080 6581 13060 
39 614 2215 7999 
249 710 1148 1488 1786 1836 1848 2325 2402 2855 2987 3751 4972 5378 5651 7310 10397 10420 10990 14006 14431 15033 15062 15132 
39 48 65 405 494 1764 2202 2441 5316 9620 10459 
185 337 379 570 576 816 824 993 1829 1896 2375 2545 3091 4113 4640 4996 5171 5970 5986 8661 
32 41 100 136 147 161 179 208 246 548 571 610 1198 1611 1978 2238 7551 10119 11336 11406 
39 48 1640 1693 3546 13041 13049 15578 
39 48 161 438 1814 3402 4000 6712 9931 13022 15289 15601 16174 
147 1609 1783 1915 3510 8631 10943 12501 13008 
50 1121 4448 
38 39 41 48 504 1991 
32 39 80 213 277 458 495 1257 1489 1585 1592 1813 1915 2326 2970 3002 3174 3282 3336 3752 4720 4877 5288 5904 5937 6274 6275 7166 7534 8025 8375 8491 9065 10208 10295 10878 10939 11246 11565 
32 1838 2593 3722 12943 
32 39 41 48 179 243 4382 6211 7262 9621 13443 
12 39 259 490 1113 3015 4849 6607 
39 48 89 1135 1413 1425 1896 2272 3502 12951 13637 14077 
41 48 79 1067 1310 1332 1613 2187 2394 2732 5116 6343 8867 9559 10444 11351 12223 
32 1043 1107 11799 
39 48 665 14584 
16 19 39 41 48 88 185 808 947 2469 
48 415 486 704 1000 5001 6999 11645 
39 345 855 2077 2476 2532 2690 4419 9925 10045 
48 533 1146 1249 4226 4643 7245 11136 
39 41 93 101 271 706 979 1930 5168 
352 749 1146 1859 5512 5999 
39 845 2285 2286 
32 237 11820 
48 980 2284 2965 3313 5786 8028 11560 
260 533 824 2046 2669 2983 5007 5928 10546 
38 39 170 
39 41 48 1067 2011 
587 1312 1792 7006 
39 1185 1704 2963 5317 5489 16010 
18 38 39 110 2856 
39 48 267 
39 470 687 798 877 890 969 1014 1600 1868 4588 10605 
38 39 48 110 161 1311 5081 9169 13598 
39 41 48 175 438 1355 3098 8511 
32 36 38 14098 
39 48 49 664 2763 10525 
341 1911 2833 
39 89 237 783 1143 1476 1818 2505 4739 
39 78 310 407 
39 48 237 358 368 438 495 1407 2015 3736 4077 5001 5323 6780 7004 8308 10444 10546 10651 
38 48 49 94 170 1228 2015 2186 3261 4642 
32 38 39 110 1833 2650 2867 6791 9555 12920 
18 22 32 41 79 947 1004 1025 1165 1246 1561 1924 1973 5421 5891 9407 13662 15564 
156 604 4650 6275 7671 8985 9001 
39 40 41 48 66 150 209 244 249 377 441 612 719 809 843 894 897 898 899 902 905 915 1013 1274 1277 1329 1372 1393 1429 1456 1473 1545 1903 2505 2893 2988 3903 4226 4336 4435 4891 6492 7699 7960 7961 
9569 
1214 15094 
39 1693 2101 
39 48 209 248 333 341 432 449 783 1030 1250 2259 3270 10451 
32 39 48 237 310 391 533 681 825 6202 9616 
38 47 48 60 89 127 225 270 405 585 663 751 772 789 828 924 1905 2115 2127 2345 2469 2527 2573 2635 2664 2987 3000 3067 3728 4453 4822 5782 8638 8796 9666 12568 12572 13302 14447 15533 
39 48 78 
10 39 211 379 426 432 484 589 812 989 1067 1145 2392 2874 5596 12599 
39 48 664 10188 11226 11330 12946 
41 486 10259 10571 15222 
39 271 1021 3751 10610 
2 39 396 535 1008 1226 13899 
32 39 48 427 
32 36 38 48 188 305 407 828 1451 1837 1896 1945 3886 5757 6386 6893 9209 13530 15618 
39 48 426 2056 3065 3279 4077 8566 15484 16010 16011 16013 
12 48 817 852 1027 2290 2413 2712 4304 4411 4970 
38 39 237 310 371 719 902 1907 4110 5289 10074 10753 
4120 6875 8456 8632 
41 48 647 842 8151 14124 16217 
39 604 5164 
32 103 178 806 1872 2991 3354 3441 
32 39 41 198 319 1161 1352 1476 1543 2103 2141 2335 6783 7267 10630 10670 11191 11656 12938 13032 13203 13235 15832 
38 39 41 89 103 170 205 271 806 2238 2912 4308 10017 10259 10354 10423 
36 48 
133 334 3487 
48 600 681 1942 2223 4016 4896 8033 8034 8035 8036 8037 8038 
65 384 423 458 604 1104 2006 3384 5601 6214 6805 7068 
41 1016 1840 3651 8288 
2 39 45 235 279 570 781 1209 1479 1682 2284 2468 2486 6202 6602 6793 10794 13459 
60 301 
39 48 209 1795 2004 2214 4801 
48 322 783 789 1698 1891 2091 2151 3058 4297 4630 4760 5116 10499 11357 11630 
38 170 176 209 279 389 405 418 732 754 1025 1078 1476 1538 1659 1789 2706 3160 3759 5255 5395 6011 6409 6722 7396 7829 11316 12881 13581 14001 14019 14901 
38 371 1318 
39 48 1991 2025 6689 12192 
39 79 101 107 413 807 1879 2083 2420 2492 2783 2855 4113 4589 5257 5970 9669 14099 15291 15397 
39 48 89 255 310 389 433 589 783 787 1030 1078 1198 3052 3619 3942 8310 8479 8901 8936 8978 
9512 
705 2191 2554 14686 15680 16217 
32 36 38 39 48 140 3886 12946 
38 47 48 91 101 185 351 405 408 423 558 813 980 3270 4744 6263 6317 
39 41 48 107 108 405 662 772 913 961 1672 2268 2626 4251 5976 6864 7415 10515 
39 310 490 565 571 1239 3962 4135 4208 12929 13146 
682 683 1867 2263 2723 2769 
48 2284 4557 
1655 3487 13993 
19 39 41 48 65 147 161 261 289 379 812 2848 3635 6358 13556 15633 15842 
39 48 203 334 1257 1404 2199 2376 2662 11250 12374 
123 749 887 998 2741 2994 2997 3124 3194 3411 3412 6027 7074 
38 39 41 48 89 155 174 197 352 604 806 840 860 1004 1121 1867 2604 2815 2894 2991 3641 4058 4236 4247 4895 5691 6535 7652 7752 
39 48 203 271 589 
38 39 48 105 242 
1265 1629 2325 4743 6322 
32 38 39 48 60 66 76 89 117 161 232 269 334 840 1855 2834 2977 3072 3206 3368 3372 4614 4899 7271 10230 10449 10540 10605 10841 11324 
310 757 2091 2840 4080 8978 15033 15988 16010 16011 
475 807 2202 2902 3221 5306 7321 
30 39 92 213 319 730 993 1227 1281 1972 2352 2567 2683 2931 3811 4294 5191 5614 5764 
48 2254 10474 14006 14120 
39 1161 2879 
5 39 79 389 390 728 840 1121 1146 3469 4755 
39 48 675 2267 13534 
12194 
39 48 413 783 13041 
225 2912 4913 8585 
39 48 62 155 237 255 256 278 1327 10804 
32 39 48 1048 1107 1592 2002 4300 4895 5510 13485 14367 14388 
36 38 39 408 1393 2441 2656 2767 2879 2904 3312 4080 4174 5168 
39 41 48 412 1783 2166 2219 3272 3510 7600 7907 11640 
276 2967 6266 7205 9529 
10 39 48 1388 1791 
39 179 531 2091 2471 3612 4061 4467 
39 48 147 237 418 565 581 1146 2692 3361 5489 6119 8425 12795 12946 13186 
39 48 236 344 2300 4200 
38 39 48 170 255 396 606 2942 3349 3904 5421 7095 
38 39 48 65 110 1198 1242 1313 1404 1611 2353 4629 5414 5546 5830 6998 7069 8235 11534 12967 
32 48 10535 
1549 2034 2195 
39 48 406 1537 2720 
39 48 89 3729 7616 
25 544 654 2729 4253 4254 8269 16430 
39 48 60 186 345 413 851 890 1004 1331 1781 2912 4582 5122 5800 12951 13192 14159 15649 
39 125 581 1939 2135 4436 
41 201 451 1048 1146 1239 2218 2310 2624 3569 3682 4100 4393 6582 6630 10128 10132 10515 10860 11276 11692 13189 16430 16431 
48 174 337 1205 1613 4643 11221 14804 
179 
48 533 604 1343 10106 10170 
2 19 39 48 123 310 581 1423 1425 1827 
39 1031 
32 39 41 48 179 186 282 373 581 673 727 809 921 993 1074 1128 1294 1596 1677 1697 1767 2053 2220 2325 2332 2375 2383 2511 2689 3404 3427 3873 4801 5606 7041 8126 8288 
39 
32 39 41 606 720 783 1046 1082 1146 1763 1918 2861 3616 3980 5948 6120 7117 7405 8830 10498 10499 13041 
48 623 812 1246 3270 3435 
18 39 48 939 3537 5379 5950 13962 
39 48 2243 2495 3872 5356 11241 12925 
32 344 1498 11173 
38 39 48 55 110 374 810 2239 2240 2434 3005 4070 12946 
12982 
39 48 237 267 358 491 1090 2327 2344 2388 4883 5356 5851 10515 10551 10792 12406 13145 
32 38 1831 1966 2117 2326 2830 3722 
10390 13041 
39 48 60 282 319 337 405 705 713 916 1557 1814 1851 1909 2072 3008 3361 4941 6389 7975 10515 10818 13289 14099 
32 39 48 1520 1709 2080 2519 3034 3968 4540 4541 11736 15644 16010 16011 
39 15046 15105 
39 577 7311 7544 
161 438 
39 48 79 185 576 830 1294 1693 2254 12855 13077 
39 1280 6458 12500 
470 1848 1989 5100 6112 6377 7456 9250 9823 10605 
38 39 110 15094 
39 41 48 66 381 536 662 979 1549 1578 1715 2550 2694 4111 4248 4420 
32 418 1160 1161 1423 1588 2608 4952 5045 12935 13495 
39 
11 249 384 415 740 1562 1704 1729 2955 3553 10630 11338 11560 14065 
228 961 1619 2788 5585 
39 60 438 479 1095 1121 1517 1772 1915 2337 2425 2561 2656 3946 4422 4787 8070 8076 
39 41 4278 
32 39 10908 
39 41 740 993 3185 8304 10425 
16 30 31 37 38 39 41 133 170 766 960 2075 
39 48 123 220 475 677 1191 1192 1193 1194 
39 48 65 101 201 249 271 345 488 548 598 665 793 904 1126 1277 1444 1786 1987 2101 2850 4141 4221 5381 6971 
39 41 
39 48 101 522 824 837 1004 1075 1214 1899 2335 4896 9925 10374 11794 
177 1400 4028 4932 5496 7794 
41 101 141 204 374 480 690 1014 1072 1256 1349 1435 1885 2403 3252 3569 
39 41 48 310 1113 1595 1783 2052 2208 3279 4495 4779 6349 6586 6827 7010 7960 8978 
48 136 795 961 1067 1819 2915 3311 5054 5563 7598 8192 10857 12677 13032 13677 
18 32 39 59 332 521 781 979 1404 1677 1771 2046 2736 3855 3946 4698 10104 
48 546 1422 3722 7296 
36 38 39 107 147 225 271 286 310 904 1397 2238 2926 3002 3208 3332 4310 8336 12677 13334 15471 
39 48 271 842 1829 4270 4708 13174 
39 41 48 185 310 361 369 593 863 914 916 968 1043 1144 1842 1919 2000 2039 2054 2154 2402 2480 2506 4342 4640 4940 5078 5346 5742 10470 11246 13017 15257 16217 
242 785 2719 2879 11768 12130 13189 
123 291 533 1587 3372 5248 7316 
39 48 1600 6270 
32 38 39 48 79 89 170 237 371 449 3338 13688 13754 
39 41 310 597 1670 2080 2563 4437 5835 12070 12437 
39 48 12925 
39 48 52 75 887 
39 464 914 1025 1939 7176 
39 48 913 1020 4883 5244 8948 14873 
93 117 603 976 1707 2456 4171 4561 
38 39 60 110 164 166 271 570 683 684 759 914 1555 1598 2598 3679 4419 4899 5680 5976 10571 10947 12173 14574 
32 38 48 170 326 1320 1344 2176 2934 4358 5400 6522 7842 10476 
11 43 185 421 432 704 960 1456 1762 4077 5001 6787 8333 10009 10683 10687 10995 
237 279 290 577 1664 2184 2449 2463 3027 3186 3510 3581 4157 6728 12951 15345 16010 
39 48 65 604 652 1087 1393 2281 2284 2505 4082 4975 
38 1831 3616 13799 
38 48 170 201 270 271 338 440 454 1611 1872 2376 2437 2492 2915 3047 3841 4512 6502 10442 13578 
39 892 2297 10579 11114 
32 39 48 740 1915 2004 2192 3840 4180 4650 12951 14896 
48 67 68 170 801 1393 1489 1783 1814 
39 41 48 185 399 412 534 1057 1655 2485 2720 2853 2854 3264 3774 10462 10653 11707 11794 12620 12701 
38 39 48 103 170 534 711 1026 1027 5410 6966 9586 10188 10586 
39 41 48 87 255 408 768 1327 1702 2480 2785 2821 2998 3776 3964 5297 5863 7107 7687 9489 12151 
39 41 48 544 765 1610 2822 2894 4945 5252 5347 
398 772 956 2437 2997 8180 10506 13326 
41 2238 3518 7458 8289 11091 11092 
39 48 103 1146 2856 3616 3619 5690 12925 13174 
32 38 39 55 78 10921 16430 16431 
60 338 408 3078 3318 3319 3321 3451 10420 
5 9 48 254 344 413 427 442 463 535 578 756 824 1183 1331 1814 2742 2769 2891 3028 3160 3441 4174 6112 6725 6773 13060 
1 39 234 242 1043 1180 2399 2468 3932 4873 6866 13106 
32 39 48 464 924 2493 2868 12925 13206 13225 14609 
48 1903 2056 3324 5158 13464 
39 413 10685 
2 39 48 65 91 570 1543 1874 2552 2665 2879 4804 10446 12929 
2 39 41 48 61 65 208 396 500 623 1543 1785 1980 1996 3099 12313 
39 
39 48 464 708 1183 2814 11718 13106 13738 13803 
41 846 1290 2915 
38 39 165 286 2034 
39 
39 48 66 78 242 255 256 257 258 259 260 261 
39 2576 2946 4843 6525 
39 65 91 1856 1966 2527 
39 76 342 445 475 827 832 877 916 997 1198 1297 1659 2387 2734 3361 3811 4112 4903 5139 6194 
102 264 993 1362 2971 
1072 2577 3346 3772 
38 39 61 248 311 379 553 561 622 796 805 840 885 1003 1163 1281 2876 5207 8411 9579 10453 10631 10717 
41 48 271 1442 7536 
10 65 101 255 405 715 1000 1067 2026 2089 3084 3178 3693 4780 5381 5852 10488 
38 48 105 270 271 10082 
38 39 48 49 255 371 580 684 1534 2084 3257 4000 9621 
32 3931 
32 39 350 488 771 1004 1872 2469 2667 3533 3677 4065 4541 5160 5213 6141 6722 7336 7396 7598 10491 12607 13242 14233 14634 
39 41 48 62 208 282 1615 2251 2252 3061 4017 
5 32 38 39 41 48 286 715 2116 2437 2667 2721 2734 3374 5463 5757 6961 8478 9683 13638 14982 15656 15719 
37 38 39 41 48 255 675 10544 
38 39 151 783 790 2223 
39 599 1634 1638 6866 12986 14099 
38 39 56 2998 3071 10910 14804 
501 
39 522 4939 5510 
41 65 94 348 783 3989 4064 
32 381 943 1329 2602 2879 4244 4587 5199 5570 6068 6405 6763 
35 78 3293 4252 4722 4985 5587 7703 8754 
60 169 310 690 755 991 1404 1981 2329 2413 2473 2633 2898 3431 3462 3483 3742 3978 4326 4393 4424 5522 5569 5976 10901 13014 13166 13258 14096 
139 3549 4776 
39 48 
5211 5215 10623 10801 
37 38 39 41 397 400 702 1327 1410 2485 4544 4831 5352 10525 10653 
39 48 
39 48 340 812 1320 2523 3047 
38 55 2639 3343 
38 39 155 170 769 1327 1361 1934 2225 3717 4434 5026 9493 
41 48 65 117 196 300 310 539 548 710 711 769 851 976 1023 1034 1131 1233 2476 2728 3075 3433 3593 3848 4013 4107 4169 4416 4501 4533 7240 
39 152 903 2982 8277 10999 14942 
39 48 2449 3713 13056 
39 147 175 179 389 573 621 769 806 1034 2114 3375 5091 7543 
48 175 3994 
39 48 65 237 475 1375 1538 2056 2593 3441 3616 4920 5124 
39 48 116 205 235 237 249 602 764 892 1103 1209 1210 1368 1424 1765 1873 1951 1972 1987 2058 2746 2869 3564 3633 3663 3752 4160 4279 4386 4595 
921 2425 6283 
18 32 39 48 69 150 237 258 405 413 442 464 475 535 540 636 646 649 675 680 730 833 959 1014 1209 1214 1239 1390 1435 1987 2327 2408 2890 3626 3861 4801 5524 6190 6748 7559 9798 10531 10533 10651 10775 11276 13059 
32 310 434 703 1239 2241 4007 4113 4272 8792 9029 10129 10283 12508 13043 13524 14327 15345 
32 38 48 170 988 989 1871 3262 6748 
19 39 60 677 979 1578 1916 2227 2249 2847 3253 3291 3644 
39 48 77 171 234 620 718 984 1043 1376 1578 2039 2097 2284 3256 3476 3526 3976 4823 4840 6922 8480 8481 8978 
101 261 361 549 824 1004 1404 1406 2873 5172 9555 
38 39 41 65 371 413 1569 2135 
32 39 
4186 4483 7484 
39 48 65 89 201 727 993 1010 1353 1602 1668 1994 2054 2314 2785 3756 3772 3896 5025 5548 6298 8181 8512 10444 10498 13341 13342 
103 281 5152 
38 170 
48 237 246 408 734 2290 2556 
39 48 60 229 258 3047 3420 3827 
48 62 101 104 147 368 413 623 824 947 1113 1236 1401 1704 2561 2701 2729 4077 4201 7996 10546 10547 
39 48 
9 10 43 48 60 295 309 413 534 755 833 1080 1165 1269 1361 1378 1379 1380 1433 1579 1975 2000 3011 3550 3673 4127 4245 4251 5487 5907 
39 48 330 2117 3131 
36 38 39 48 80 110 725 1513 10428 
39 393 555 681 783 806 849 991 1020 1197 1310 1578 1763 2238 2574 5125 11254 14549 14933 14953 
39 48 
48 347 490 576 1239 2153 2425 4058 4563 
39 41 48 208 225 243 939 1081 2238 4945 11254 
10 32 39 41 185 420 592 2894 10757 
36 38 39 48 178 384 842 1354 1355 1513 1538 1745 2100 4632 5018 6128 
36 38 41 1929 12929 16010 
39 48 82 454 546 572 984 1077 1173 1198 2060 2199 2241 3659 4061 4123 4548 5248 5280 7276 13929 
9 10 26 39 41 48 94 604 605 798 1078 1192 1316 1435 2297 2371 2552 2987 3159 3782 4993 5086 5691 5692 6854 7790 
39 48 16010 
39 48 850 6679 
38 48 110 413 2012 7081 7538 
39 48 89 209 467 681 795 1020 1819 2785 3311 3354 12925 13437 15385 
37 38 39 201 340 2020 2749 12909 13189 
48 49 101 155 161 413 475 587 821 1661 
26 38 65 110 475 643 1616 1831 1872 2469 2883 3271 13068 13443 
39 310 433 1986 2054 11276 14098 14099 
41 147 570 581 651 829 1105 1352 1478 2162 2191 2630 2966 3036 3078 3246 3483 3811 4489 4871 4945 5918 6266 6656 7129 7252 10422 11381 11550 11671 11840 12982 13002 13160 14486 
12 39 41 237 2674 
1404 3047 3271 3504 4406 5772 12070 
9 48 338 397 812 947 1159 1641 2118 3098 6866 8095 9555 
39 41 48 270 2749 4913 
10153 14922 
32 39 1310 3151 14001 14933 
32 279 2130 2787 3505 5041 5487 7430 7600 
38 39 48 60 61 255 408 441 612 718 1043 2805 3005 4080 5351 5590 9181 10487 14098 15513 
31 38 41 48 89 101 479 770 813 840 1327 1444 1481 1639 1867 2151 2333 2906 3006 3550 3912 5437 6200 6638 6821 7692 8005 9534 
48 1380 4337 
0 1263 1306 1640 2168 2348 2641 3072 3245 5630 10710 10818 10819 
39 270 4246 4247 
39 41 48 267 412 1159 1503 2170 2624 2663 3035 10446 
39 4080 15618 
38 39 41 48 107 108 120 170 185 261 272 400 611 830 915 1001 1067 1116 1611 3477 4402 4632 5051 5074 5156 5423 11032 11756 
75 133 270 271 5740 
32 37 38 65 128 1200 1481 2180 2186 3130 3354 3761 5172 7166 10447 10451 
39 41 89 
18 19 32 48 60 62 452 824 831 1407 1439 1585 2437 2896 3783 4790 6359 8506 9646 10862 12234 15106 
7 39 48 225 258 389 405 475 649 783 806 926 1268 1597 2449 4546 6353 9773 10268 10515 
32 38 48 56 334 589 1043 3476 
39 48 65 250 652 1004 1024 1067 2056 2244 2417 3877 5600 6082 8277 10513 12064 12677 
32 468 2649 5958 
39 48 338 438 464 527 824 1595 1980 2513 
39 41 48 65 141 301 389 592 966 1393 1403 1417 1486 1769 1854 2342 2481 3925 4686 4832 4854 5055 5405 6508 10420 10490 10525 12508 
39 48 123 325 361 587 5001 10483 14152 15879 
38 39 48 105 533 3573 
48 147 1972 2046 
36 39 3149 
32 38 39 2566 2993 3904 
39 319 464 535 560 966 1180 1435 1482 1783 1814 1986 2471 2820 3625 4070 4226 4361 5666 8985 11557 
32 39 48 150 591 740 1105 1285 1879 2626 2988 3438 4365 4723 4952 6244 9596 10020 10860 11692 12925 13204 13205 13206 
36 38 39 41 48 772 8978 16010 
32 
39 48 89 492 3341 12938 13174 
39 41 48 79 247 364 425 551 560 587 1009 1027 1576 1600 1619 2467 2792 2894 3136 3202 3282 3294 3861 3896 4105 4229 4897 5051 5370 6434 
39 41 48 271 319 581 824 3361 3502 5282 9544 15832 
19 39 48 393 403 2588 2872 2984 9304 14090 14095 
31 39 48 647 769 2624 2799 
38 41 48 105 548 800 1004 1014 1135 1696 1957 2173 3483 7822 11631 15634 
48 490 2121 14273 
270 2424 4899 
39 48 267 407 2239 2721 3294 3835 4026 10908 13427 
39 269 3036 4536 7207 9907 11348 13152 
38 39 41 48 55 1072 1996 2154 15036 
23 39 48 101 675 902 1989 3172 3371 4896 5272 6705 10410 10505 
39 283 3371 4094 7594 13079 14806 14942 
48 1316 5757 11295 11504 
39 1588 5236 
32 38 48 56 390 1178 1202 1588 1886 4007 4020 4817 5920 6566 7138 7140 7367 7936 13065 15659 16104 
60 147 186 289 345 409 445 898 980 1000 1129 1280 1417 1444 1497 1930 1945 2897 2960 3101 4282 4953 5406 6387 6435 7233 8740 10504 10917 13464 14023 
7605 
32 39 48 60 82 325 926 1257 1583 3157 3402 3535 3537 4377 4714 9709 13291 14645 
39 41 103 459 2786 13041 13787 
18 41 48 1052 2329 3111 4945 
38 39 170 12951 
38 170 2737 
150 452 698 1763 2299 4435 4891 
39 48 261 369 548 640 681 3021 3055 4055 4344 4588 4744 
39 60 203 230 426 533 885 1986 2134 2141 2267 3886 4494 7088 8831 8937 
32 39 48 52 60 225 228 279 525 570 3966 
39 290 388 3736 12945 12992 13263 13599 13600 
39 104 384 2238 2595 2878 3395 3407 5848 5849 
38 48 65 279 297 514 604 606 648 790 896 1081 1315 1332 1486 1677 1685 1686 1864 2135 2843 3080 3528 3759 3856 4698 4823 4824 4872 5014 5074 5147 5681 6356 9451 10441 14274 
38 48 110 
2677 12795 
41 48 8947 8985 
32 1871 5199 
41 48 117 176 716 731 960 968 1214 1264 1265 2596 4501 5269 5893 7002 9126 10012 
98 1469 8549 
39 197 337 623 759 829 1069 1578 1739 2389 2728 2788 2814 3194 4311 7050 8985 9664 
32 38 39 47 48 179 2378 3617 4251 5907 
39 48 84 1741 4383 
35 39 79 639 1004 1867 
39 41 48 216 258 282 392 521 673 921 947 956 982 1388 1595 1697 1971 1999 2706 2853 2854 2882 4143 5134 5147 7271 8126 12097 12419 
39 48 156 637 10698 10720 
242 1081 15983 
38 110 
39 65 123 570 606 829 1002 1602 2281 3082 4266 6090 10045 10498 13222 
38 39 56 242 6118 8691 12933 
32 39 1872 2378 4263 4974 7057 11747 12025 13690 
48 65 107 229 251 549 783 1058 1159 2235 2588 2982 3456 4223 4557 4731 5841 7316 13087 13688 
39 274 694 1146 1693 1987 3616 9859 10480 10533 10831 
1562 1564 1675 4472 4548 4841 
30 38 39 170 286 1313 1872 2075 2840 2856 
38 39 41 76 78 201 249 281 308 309 840 880 1010 1082 1378 1379 1677 2032 2172 2314 2763 3722 5434 6302 
9 39 41 48 89 258 544 637 649 1040 1263 1791 5685 7451 8698 13028 13041 
32 41 225 265 3539 
39 48 3269 6098 
32 80 89 215 901 1198 1290 1435 1638 2440 3037 3409 4155 4877 4878 4879 4880 
1327 1420 
39 41 48 610 2072 2951 5153 8671 12929 13041 
36 38 48 719 807 1543 8985 10515 15618 
19 38 48 105 820 821 824 849 1076 1084 1652 2588 2767 2916 3189 3361 3420 3776 4057 8068 9555 
39 48 237 4479 
39 48 255 525 566 599 987 1481 2537 2633 9887 13017 13556 
18 38 39 48 504 664 740 2554 3336 14205 
39 48 271 664 2344 2394 10295 
41 69 161 185 237 565 581 919 1185 2161 2208 2763 5889 6256 7129 7899 11270 
38 39 286 10554 14201 
39 
52 13857 14912 14913 
32 62 677 2215 2510 2831 2919 3062 3151 5600 
44 123 147 175 178 237 306 307 309 310 321 397 589 668 806 959 1080 1115 1144 1198 1378 1379 1380 1385 1765 2554 2692 2777 2926 3021 3055 3081 3257 3761 3799 4201 4292 4302 4767 5339 6387 7205 9155 
270 533 15459 
694 1430 7441 
39 48 795 1173 1818 1819 2111 3082 3311 4316 
133 420 570 656 759 829 915 966 974 1390 1890 2162 2375 2389 4082 4722 5354 7712 8411 8975 9501 9510 9605 
27 32 64 103 175 713 1930 2327 2435 2437 2477 2495 2513 3315 4435 4891 9205 9206 
39 48 64 147 186 256 486 488 535 944 979 1004 1042 1067 1404 1855 1901 1971 2011 2286 2455 3683 4017 4358 7768 8691 9555 10943 
39 48 281 1291 8597 9168 10642 11063 12973 13060 14556 
39 2010 2423 
38 39 105 757 
261 264 1679 
48 621 1056 2612 3989 4982 6776 12946 12958 
39 48 270 438 529 4913 
341 418 4135 4208 7892 
48 2196 12925 14098 
37 38 39 48 286 1459 16217 
11 39 41 330 342 805 849 1081 1417 1433 2186 3332 4690 5505 6897 7166 
39 48 65 1393 2386 10447 
39 48 3404 
32 39 48 299 1011 1723 1724 
32 532 830 10474 
36 38 39 120 1327 10423 10541 10553 
32 41 186 228 440 511 522 662 1872 2026 2199 3338 3434 4488 6303 10446 10508 10548 
37 38 39 242 740 764 812 2022 2629 3291 4629 13558 
19 39 48 123 232 279 422 438 475 522 570 687 3346 3573 3643 4357 4518 4833 4859 5341 5595 5825 6082 6577 8867 10606 10798 11799 12509 13454 13756 
39 48 7774 
118 265 11557 
39 41 48 76 185 266 309 475 1747 2170 2907 3237 10525 14185 
48 1269 1914 2370 
39 48 62 133 595 855 1998 2091 2424 2710 3308 3848 3981 4072 4636 5215 7147 7267 
32 39 41 166 167 175 682 684 698 2656 3988 4011 12541 13041 13060 13068 15578 
39 48 1020 1055 1814 2199 3270 4642 6063 
39 48 460 488 1578 2437 2611 12923 
39 48 
48 2337 3653 16010 16011 
38 39 41 504 
48 514 697 1827 3783 4030 6343 11460 15273 
32 38 39 110 740 3854 
493 1135 2033 3976 4972 6759 10261 10490 10515 10525 10674 10729 11105 
39 586 1763 2379 5642 
39 41 394 436 438 500 671 1783 3252 5465 10480 10533 10831 10932 12594 
39 389 519 589 783 785 907 956 1070 2456 3309 7554 7975 8124 12918 12979 12980 13334 13787 
242 664 785 2879 13041 
39 6921 
39 44 48 795 1818 1819 3311 4058 4836 10128 10525 
50 59 155 213 301 310 535 560 773 916 983 985 987 990 993 1000 1005 1332 1609 1791 2117 2188 3002 3061 3859 4056 4524 5287 5835 6966 8288 8867 9541 10374 14926 
37 38 39 41 48 1828 2523 5124 
38 39 65 281 1121 5944 
39 41 725 
48 739 2635 4223 7272 10515 10777 14098 14362 
32 
3217 13289 
39 48 1332 1840 1945 2958 4700 
38 41 103 285 370 389 511 1002 1003 1600 1700 1817 2004 2477 3012 3662 7063 7600 10459 12959 13682 15618 
32 38 39 286 682 6091 10074 13200 
32 39 79 112 491 2554 3502 4220 4792 4830 5143 5168 13002 
2338 3418 
19 39 48 1564 4309 5604 7292 
18 48 65 272 340 1821 2225 4207 9248 9437 9966 
48 1402 2215 2370 2813 3751 8352 8559 10568 12670 
38 39 41 48 370 396 793 2791 5819 10442 
38 39 47 48 5874 
32 41 885 910 956 1609 1634 4175 6712 10952 14702 16217 
9417 9693 9815 
41 768 909 947 4146 6107 6407 
39 48 78 571 1662 2616 2754 2763 5309 6264 
768 3367 5251 
48 310 772 1866 2568 6942 
38 39 56 105 785 
36 38 39 389 740 3223 3510 4480 5937 
39 498 555 599 957 1781 1954 6293 6408 
39 48 237 418 837 1052 7000 12935 
32 39 48 89 123 592 824 2417 3553 4836 14357 14386 14426 
39 48 147 165 518 849 1872 2051 4767 12929 13784 
48 161 801 
39 1489 1741 3323 
48 301 479 660 1595 2051 2360 2464 11122 13024 13420 
39 398 1060 10653 
11 48 89 186 209 351 423 704 828 1576 1822 2052 2851 3006 5210 6403 10184 14618 
32 39 162 627 855 1702 1958 2048 2909 3295 3323 3486 3676 4202 4457 4464 5297 5998 8065 
39 69 76 185 379 489 576 789 805 809 885 1082 1103 1321 1360 1439 1591 2184 2202 2436 2697 3270 3404 3423 3497 3867 4295 4682 4882 5026 9501 10454 10491 12062 13074 
39 41 48 475 498 522 1166 1792 2847 3635 6244 
38 39 48 105 176 1025 1397 3151 3505 
10 39 48 65 78 123 1129 1412 1693 2388 2635 4836 5117 6725 9031 9854 10079 12352 14495 
39 48 438 495 3054 4603 
39 41 48 226 246 342 547 720 832 1578 1997 2272 3121 3404 4207 5608 15988 16010 16011 
36 38 39 41 48 170 379 808 1192 1842 1915 2561 3711 3879 15618 16217 16230 16336 
39 2208 2810 
595 703 4059 
4751 5342 10018 12200 
39 10386 
38 39 48 227 237 259 267 286 428 475 533 718 865 903 1004 1390 1486 1650 1814 2061 2118 2329 2942 3633 3884 4047 4517 4525 7473 11044 
39 48 2715 4336 10017 
36 38 48 170 731 1081 1281 3476 5408 6442 7296 8451 9365 13521 
48 203 398 1938 
39 48 262 413 494 570 1959 2555 2574 4654 5481 5818 10208 14347 
11348 13040 
38 39 48 105 11415 
48 411 2180 
38 591 856 1272 1727 1791 5107 8372 
7424 
32 39 41 48 163 266 288 677 1956 4525 5137 10611 11579 
48 5505 7598 
23 39 48 60 493 647 789 805 941 1034 1215 1430 1769 2052 3404 8709 9952 10414 
32 237 3402 3535 3537 
39 
11 32 38 39 48 105 225 270 271 344 415 420 449 554 577 694 734 1043 1384 1515 2091 2164 2856 3676 3903 3964 4857 5228 7225 7688 8636 9150 9844 13049 13092 13420 13998 14040 14068 14098 
39 41 48 237 248 293 435 1297 1313 1536 1562 2489 5485 11330 
39 1810 3486 5524 15119 
382 594 3370 7214 7993 10670 11452 14019 
32 325 548 938 1569 1570 3579 4178 7209 7718 10739 12951 12959 16430 16431 
1 32 589 1476 2592 3045 
38 39 48 110 413 
48 60 65 185 272 413 432 589 604 1837 2164 2506 3130 3546 3827 4524 4883 4975 6012 10602 11020 11634 12067 12163 
44 48 275 550 2523 2879 3505 10446 11643 
69 623 1901 3035 3538 4209 4911 14098 14486 15814 16049 
39 48 413 5499 6656 
39 2353 8287 11608 
39 48 
12 32 48 78 206 237 310 824 1161 1662 1901 6343 8679 14634 15366 15798 15801 15832 
31 32 39 41 168 270 271 649 809 1578 2229 3103 4309 5020 12693 13043 13989 14954 16217 
11 16 48 185 1043 1144 1198 1842 2046 2058 2325 2362 2583 3186 3311 4342 5069 5937 6163 6474 11615 
15 39 48 338 438 464 993 1353 2901 8514 9214 9241 10717 
533 662 4918 5081 5850 6853 
39 67 68 1881 2030 
39 48 52 695 798 1159 1536 13141 
48 89 101 179 186 258 340 408 409 410 411 412 413 414 415 416 417 418 419 420 421 422 
36 38 39 48 475 3538 4658 5279 9843 10305 13006 13915 
48 60 225 246 270 772 905 2116 4430 5728 7177 
39 48 65 1327 1811 4432 8135 10501 10562 10622 10623 
9 39 258 426 454 928 1082 2208 2597 3186 4444 4471 4935 6059 6352 6489 6953 7017 7273 7874 10587 
39 48 2269 4278 
9 94 101 150 308 378 397 398 438 445 479 488 490 706 907 941 1072 1269 1430 1447 1784 1929 2115 2528 2664 3084 3085 3202 4083 4698 4891 6398 7205 9907 10510 10515 11058 12929 12996 13072 13334 13552 16036 
649 14030 14099 
39 48 276 525 2193 2434 2502 2822 3279 6760 6761 
38 39 110 170 350 4677 
41 48 1838 2406 3532 4739 4981 6173 9203 
39 48 225 242 425 5974 15659 
39 272 301 1333 
2 38 39 110 
48 4180 5580 
32 38 39 41 48 171 281 310 694 1145 2241 2633 4562 4665 
32 48 123 441 573 592 766 885 938 1568 2631 2632 4339 6095 
36 38 39 48 706 976 1121 1654 1779 2006 2053 2694 2773 
23 31 48 176 278 817 851 1130 1239 1417 1826 2375 2510 2561 2823 3161 3607 4106 4111 4112 4171 4630 4632 5051 5328 6324 6364 6585 9304 
39 48 89 938 1062 2048 3246 3312 5051 5975 6182 
39 66 89 101 107 136 147 197 199 308 309 441 589 604 907 1073 1074 1080 2236 2464 2519 3002 3124 3236 3260 3332 3539 3688 4546 4583 5082 6075 6517 8592 10493 10648 10920 12038 13334 13884 15791 
38 41 55 170 5269 
38 39 45 48 110 129 310 391 571 765 2347 2880 5083 9579 10791 10821 11130 13527 14322 15341 15342 
32 38 39 48 161 170 270 386 389 490 565 576 581 1513 3861 4879 5248 
806 910 956 1354 1435 2802 3638 4513 5585 5821 
43 48 82 341 837 1578 1703 4124 9823 12217 13060 14645 
39 41 48 77 101 176 201 413 464 604 947 956 1123 1996 3151 3270 3276 5516 5771 5782 6266 7961 9021 9843 10470 12951 13060 13184 13328 
39 76 534 637 652 1069 1196 1595 1675 1677 2167 3516 4841 5608 10230 10934 13443 
36 38 39 48 281 1185 1327 2543 
9 10 261 592 604 916 1000 1703 2199 2876 3189 12981 12983 14057 
39 48 1489 13049 13608 
1568 6718 
764 2812 
501 4642 10444 11097 12982 
66 402 584 653 1054 1283 2284 2507 2808 4186 4393 5125 5797 5976 6630 10515 11831 11890 
32 175 368 384 636 711 885 1704 1709 2725 3494 3601 3728 4080 4567 4630 4931 4940 6211 8985 9501 10538 14005 14006 14090 
9 36 38 39 48 49 52 53 78 101 162 195 246 260 345 389 649 681 708 916 1012 1603 1973 2118 2229 2238 3132 3785 4240 5517 5805 6343 10451 10648 
32 39 41 48 592 623 677 1000 1340 1439 2297 2413 2511 3160 3968 4410 6266 6340 7264 8135 10653 11011 11221 
32 39 958 2238 2983 5233 6182 9899 
39 48 978 1135 2792 15667 
38 67 68 110 274 359 370 596 694 1489 1547 3121 3827 5951 6146 
39 52 147 179 344 752 2097 2151 4099 8516 
271 274 1973 2002 2742 2900 2990 4272 4786 4929 6840 9220 11270 12951 15798 
39 41 1483 4374 
38 39 48 170 3904 10816 12528 
39 48 161 225 1693 2987 
39 48 89 644 1489 1619 2064 2575 3953 4203 4613 6840 10443 
32 179 346 533 1020 1197 2064 2201 2574 2800 2962 4134 5091 5998 9605 11615 11630 12677 
39 48 278 664 1274 1327 1720 2402 2833 3850 10876 11105 
32 39 41 48 117 272 743 744 976 1650 1651 1652 1914 2186 2353 2651 4547 
32 38 170 415 511 1185 15845 15862 15914 
32 39 48 107 123 522 650 766 1128 1159 4170 4218 4417 4813 6783 8837 
39 48 276 1146 1743 
38 390 1536 4650 4723 12883 12943 12959 13141 13174 
39 41 48 49 50 89 96 222 413 479 573 591 652 677 863 1297 1414 1451 1636 1637 1640 1652 1878 2728 4297 4970 6430 10766 12473 15879 16430 
2 39 396 2380 3270 4761 11129 
41 740 783 1062 1361 1433 1693 7166 
39 163 6644 
174 388 522 1417 1987 6624 
19 65 73 201 206 384 426 440 442 449 729 730 1020 1281 2245 2802 3246 4111 4872 4995 7107 7396 7554 9421 10513 10531 10952 11326 11671 14098 14221 15798 
23 10444 10656 
48 179 201 248 255 278 346 479 962 1021 1161 1192 1365 1395 1795 1859 1966 2199 2389 2393 2440 2552 2808 2815 3236 3799 4112 4632 5127 5490 6739 
39 41 48 53 831 875 1090 1180 1548 1983 2194 2284 2951 3297 3827 13056 14838 
39 48 272 308 475 1215 1269 1312 3472 4221 6575 6709 10556 11266 
48 164 165 167 677 725 835 1099 1191 1440 1809 3412 3769 3770 3771 
2840 3361 
39 41 48 62 65 412 432 502 517 714 941 993 1264 1344 2133 2426 3092 3668 4119 4881 4961 5316 5495 5721 5742 5950 7657 7834 7999 10008 10235 10579 11645 11698 11747 11814 11895 11896 
2259 2607 3186 6166 
32 39 48 79 242 310 389 405 734 806 1939 3951 4064 10446 10515 10551 12587 
39 48 89 101 364 1043 1999 2446 2591 2966 3132 3215 5387 
41 156 259 367 848 947 1143 1343 1789 2474 10443 11157 13032 13443 15492 
32 39 41 1046 1960 4613 
39 270 271 501 2635 3423 3424 4882 
32 39 
48 3150 3489 7975 8229 10420 10490 13041 
38 286 932 1308 
6587 
242 785 1228 1262 11097 
408 651 1616 2817 9001 10423 15832 
48 3768 11813 
37 38 48 175 842 1910 14386 
38 39 42 45 48 488 840 1344 1642 1976 3904 5260 8718 
1435 6481 7219 
11 39 48 89 156 412 713 899 1209 1345 1428 1513 1527 1543 2193 2239 2374 2383 2958 4200 4448 4466 4550 5356 5440 5651 12873 
39 41 48 2513 2958 3412 3565 7034 12138 
38 39 48 331 390 3276 
39 1100 2789 7252 11579 11883 
38 39 48 370 1659 9652 
37 38 301 438 1698 4319 6143 
39 48 
39 65 
32 38 39 41 48 79 225 281 
38 170 1783 8930 8937 
39 48 551 1592 1741 4297 4994 6256 10540 
10 32 39 41 208 403 464 475 623 749 789 904 1425 1872 1899 2052 2091 2191 2402 3318 3334 3368 4029 4076 4532 5318 5729 5859 
39 659 4221 
32 48 89 201 232 272 447 735 772 1062 1189 1739 2426 2431 2514 2831 3006 3510 3683 3872 4307 5546 5910 6128 6737 10174 10419 12693 
117 1329 1833 5199 10730 11804 
1616 1701 13778 15832 
301 416 1463 1637 2105 3299 6892 12996 
39 1143 2474 
48 2681 10487 11093 
39 41 185 225 740 807 1909 2140 2954 2958 3207 6916 7231 10731 10753 11158 
39 958 3487 3569 10096 
36 38 39 
32 39 249 301 338 420 558 1452 1642 1708 2553 3983 5289 7107 9190 10821 11733 
170 3198 
39 48 967 983 1060 1063 2787 6609 12981 
147 179 334 673 1714 6565 10444 11218 11694 
39 41 48 337 409 438 488 917 1121 1634 1642 2154 2409 2702 3684 3730 4204 5688 6076 7443 9210 
48 237 1675 2037 7208 7895 10499 10607 10818 12982 
38 39 41 48 170 249 1185 2127 
39 48 267 280 374 1280 1513 2015 2453 2768 2836 3936 4445 10490 10908 
39 48 278 15781 
151 175 16010 16011 
39 237 4906 5164 9110 
38 39 50 133 170 595 696 699 874 893 1307 1591 1752 2147 2511 2539 2802 2883 3177 3240 3358 3848 3881 3988 4047 4111 4248 4363 4710 4776 5146 5194 5225 5226 5227 5228 5229 5230 5231 5232 5233 
673 1020 1483 2995 10440 10441 12926 
39 12081 
39 270 1879 3170 8978 16010 16011 
39 48 812 876 1585 3271 4993 15744 
39 41 511 947 1018 1884 4112 4658 5889 8718 
15558 
32 39 791 1428 1658 2076 2188 3360 3404 4768 4774 
32 39 41 48 225 251 374 438 831 927 1459 2376 5113 5317 7975 10510 10798 13109 14099 14568 15582 16217 
39 48 150 201 795 924 1763 1818 1819 2051 3057 3311 3616 4316 
39 1237 3169 7910 13556 13602 16010 16011 
39 41 48 1192 2552 4272 6486 10605 
513 13164 
251 5220 
874 1273 13618 
39 156 1333 2931 5764 7477 7830 8743 13511 13512 
32 48 133 740 1609 2115 12111 13041 
39 48 65 201 1146 
48 599 1783 2843 5921 
3688 
39 48 264 901 968 10894 12685 
39 48 185 664 1327 5153 10188 10548 12736 
39 148 2129 2421 2480 3425 4032 4255 4884 5152 7578 7934 8831 8858 8978 
39 48 170 
492 980 2967 4294 4556 4595 8596 9859 10542 11336 13087 14098 
39 48 746 2393 2696 11230 13734 
32 39 408 522 1930 2856 5510 13784 15033 
38 39 48 170 236 260 301 444 714 1144 1184 1996 4200 4410 8910 9854 
39 14080 
2 38 170 6437 
39 48 290 643 911 1600 2115 2240 2607 2629 2869 3663 3677 4070 6105 7137 8582 10175 10748 12070 
39 48 
39 48 117 1650 1656 1791 2505 2663 2815 3932 4580 5830 8477 9843 9953 10583 10791 10951 11807 
39 41 48 60 225 278 4050 4996 5712 6201 
9975 
244 1308 2420 3540 4214 4774 
15 38 39 49 179 193 375 536 556 606 636 720 790 1404 1556 1624 2130 2241 2352 2440 2523 2919 2965 3086 3806 4070 4501 5127 5968 8321 8762 11074 13194 13550 13820 
32 38 39 170 
39 48 53 250 319 320 589 734 956 987 989 1025 1308 1435 1986 2966 3886 4070 5742 6590 10653 
32 
39 41 48 264 379 514 1052 1783 1915 2167 2310 2363 2364 2875 3151 6655 13335 15988 16217 
38 110 8939 
39 235 651 795 1043 1144 1818 1819 3311 
38 41 48 55 4070 11794 
0 11 36 38 39 48 86 110 201 225 270 271 286 415 529 752 805 1103 1144 1163 1166 1345 1958 2508 2524 4294 4765 4792 4945 5248 5352 5624 5912 6581 7905 7922 10444 13174 
32 39 41 1121 3323 
39 225 232 1113 1422 1545 1564 1808 2343 2437 4208 4524 9662 10734 
39 48 3207 3208 3447 3722 9057 
39 41 48 70 684 997 1146 2046 2797 6656 
30 31 39 65 441 809 
39 48 89 412 718 740 932 966 1096 2296 3321 3353 3405 3729 5269 8492 10440 10487 
615 4650 
39 48 156 597 1814 14098 
39 48 421 2486 3509 3614 4070 7559 
39 48 89 865 4894 7360 
39 41 48 225 352 783 1859 9501 9569 
36 38 237 2590 
41 4149 6223 
56 1772 1929 2199 2210 2713 2812 2878 2952 2978 5051 9555 
32 39 48 475 1709 2709 4582 4979 13464 
39 78 1741 4843 
39 48 225 258 338 708 1435 2213 2523 3467 3774 4214 4525 5013 5370 7128 8477 9183 15484 
48 212 351 649 1126 1865 4854 4883 5578 5642 8052 9843 10481 10616 10703 11203 12982 15119 15160 15161 
41 58 258 1587 
225 1874 2982 3194 15477 
39 389 1146 4202 
39 48 255 3980 5666 7521 
38 39 110 225 334 836 883 1143 1696 2072 8668 13398 14123 14804 
83 854 16010 16011 
39 41 48 155 301 1353 1817 4685 7124 10578 
48 506 5440 7347 10499 13300 
32 39 41 48 5122 
39 48 438 478 677 
32 41 60 117 174 176 408 604 704 789 890 1000 1025 1027 1105 1602 1682 1997 2215 2290 2484 2596 5042 5361 5458 
32 48 647 842 1026 1034 1354 2991 15601 
18 38 39 41 48 65 78 107 150 168 170 310 396 479 549 606 789 790 910 962 1067 1333 1361 1387 1591 2065 2072 2075 2592 2671 2915 3060 3383 5289 5554 6279 8919 9579 9682 
45 101 497 759 2572 3142 4466 5025 10490 
179 488 989 1135 1163 1564 1817 2231 2970 8337 9168 10574 
39 41 48 55 237 405 438 740 1728 2686 6201 10430 10513 10876 
242 13182 14098 14099 15670 
38 1188 1284 6983 9009 
48 65 107 108 237 409 1897 2250 2363 2540 2629 2894 3712 4513 5051 5099 6508 8239 11959 
32 39 48 1327 4412 11504 
39 48 62 227 416 1498 1771 1804 2039 2357 3191 5666 5767 6112 7796 8099 8289 10440 10447 12935 
38 39 41 170 6780 
4525 5002 7296 
912 5914 12949 12980 14812 15379 
39 48 123 197 310 441 1540 1984 2521 2524 4857 5020 5782 7057 9666 10305 10484 12036 13135 13443 13494 13498 
39 48 711 3317 
225 924 1742 3663 
827 1702 2768 3321 6224 
2 39 41 44 48 89 1184 1559 1591 1814 5160 6003 7583 
32 458 715 731 2116 2144 2443 2521 2888 
2 39 41 117 192 225 267 271 533 681 1218 1592 1996 2363 4563 5596 6128 10515 12951 
38 41 48 160 200 331 332 352 390 576 855 1001 1012 1015 1246 1353 1764 1855 2084 2119 2171 2425 2438 2673 2721 3021 3055 3093 3418 3717 3781 4056 8135 9548 9599 
18 32 48 76 511 621 703 1016 1051 2056 2394 3276 3277 3278 
1 39 48 279 405 479 837 910 1504 1968 1994 2546 2654 3160 3678 3788 10515 13748 
38 39 41 48 170 1346 1814 
32 39 41 92 242 652 893 976 4661 8978 
39 48 1433 2785 2879 4055 12925 
39 41 48 78 191 1021 1031 1814 2987 
32 41 68 266 270 271 581 966 1275 1355 1616 1987 2188 15832 
38 39 48 78 89 297 571 585 851 976 1249 1529 1879 2389 2540 2635 2958 2966 3264 3324 3483 5127 6458 10515 10789 11230 13275 14041 
854 1585 5904 13238 14032 
48 1146 1561 3616 
270 271 2476 6119 6579 16010 
39 48 449 479 856 871 2067 2457 2810 2811 2812 2813 
9 38 39 48 60 80 170 308 309 413 464 567 715 1080 1101 1269 1361 1378 1380 1525 1688 1975 2208 2251 2644 2989 3290 4127 4339 4718 4880 6602 
48 255 279 677 1426 1678 2958 4525 8620 12983 
48 50 117 647 976 1505 4099 4100 
48 161 1452 3376 3983 6403 9306 
285 570 1122 1455 2536 3683 5767 6214 10516 11894 13680 14148 14431 
38 39 48 132 170 242 1076 1084 2394 2717 12925 
48 734 2417 3007 3338 5001 
38 101 170 237 265 267 271 332 408 597 612 628 640 649 670 916 1013 1183 1576 1578 1670 1842 2025 2284 2327 2413 2837 3827 3840 4009 4080 4107 4121 4171 4201 4708 4871 5257 5440 5651 5712 6593 6716 9530 9662 11017 11018 11382 12092 13017 13075 
32 41 225 3223 7627 9833 10582 14933 
48 865 1004 1543 1973 2515 2552 3021 3055 4466 
10 32 39 41 48 248 310 315 1837 2279 3191 10434 
39 434 830 1776 2091 2154 3719 3837 8884 
39 544 552 1435 2150 4074 11512 13474 
39 
38 47 48 208 351 405 1327 3270 3297 3790 4251 4389 5339 10129 10682 
41 69 185 338 548 589 1246 1435 1697 2184 5525 7913 7931 10681 12929 15832 
39 1755 1810 4717 
6 36 38 41 89 211 390 846 1214 1344 7524 8542 10668 
39 41 310 
48 783 13360 15618 
422 438 1923 2747 3493 3494 4567 4568 4931 5931 6216 8269 13165 13318 13673 
39 41 48 265 269 320 548 832 1758 1994 2015 2058 3317 4209 4319 4830 4883 5323 7364 7687 9154 11432 11605 11616 
48 107 275 548 1344 1994 2236 2542 3451 3918 
10 39 486 618 963 1146 1195 1478 3520 4739 4913 6173 6359 6726 6752 10656 
2199 
39 
39 225 237 311 740 768 797 1154 11600 
23 39 41 48 116 229 565 1155 1973 3047 3642 4994 
32 12951 
38 39 48 261 310 370 451 577 781 2746 4119 4975 6343 6602 8478 10454 13506 13709 14333 15273 
905 2351 
32 39 48 107 547 593 918 956 3294 3772 5074 13079 
334 952 1762 2481 2952 3185 4488 10446 10683 
32 48 78 87 742 1045 1046 1107 1163 1611 1702 1868 2437 3877 6082 6485 7932 11326 13887 
39 48 209 533 2662 8709 10220 10674 
48 147 2919 4483 5470 6475 
39 41 48 821 2153 2854 
36 48 201 493 1704 3034 10610 
38 55 161 928 
39 48 65 619 856 896 910 2527 3730 4823 4825 6575 8402 12260 
39 60 10444 
48 4445 
38 48 110 438 
38 41 56 110 2299 
32 39 48 1004 1214 1536 2369 13141 
820 1214 2199 2891 5569 6118 12982 14137 14396 
38 39 48 110 
36 38 170 225 571 6231 
15685 
32 39 1424 1450 7176 
39 10474 13314 14102 14616 
39 41 48 249 329 1468 1591 1786 9687 
38 48 89 110 272 371 1333 3838 
32 38 39 110 
39 48 438 1313 8388 
746 1014 2201 2766 2836 4509 5675 6271 6656 
32 38 39 41 48 56 105 289 627 1124 1589 2958 6350 10572 14807 15422 15609 15971 15972 
9 39 41 1146 1600 4585 5452 7405 
32 48 694 
39 53 103 251 534 2749 3037 4237 10294 11154 12043 
39 1872 2524 9998 14101 
48 62 65 592 715 1211 1213 1852 1879 2353 3472 3929 6031 6745 7701 
38 39 48 105 225 640 1991 2958 3647 11695 
170 
39 48 342 668 806 842 1113 3353 4491 4899 6899 7053 10501 10515 10544 10554 10561 
426 1291 1714 6526 
32 38 39 101 170 176 185 649 682 1018 1160 1604 1641 1771 2191 2831 3502 3793 4343 4793 5406 6193 6998 8863 10420 10483 10498 10499 11230 12503 12946 13028 13035 13462 
38 39 41 48 110 175 270 806 1026 1071 1291 1335 1619 1692 2238 3891 3904 5027 8698 
185 222 407 426 546 548 611 728 961 1309 1327 1738 1938 1973 2440 2919 2984 3161 3282 3368 3451 3609 3873 4148 4249 4561 5256 6089 7447 7975 8418 
39 237 628 2053 2166 2881 
38 39 48 95 110 269 501 533 591 675 1000 1251 1557 1709 2022 2075 2113 2259 2621 4317 6614 9168 10184 12394 
0 39 48 225 592 1144 1884 2324 2335 3160 4625 4726 7895 10510 
925 1327 
18 32 39 41 48 147 225 271 488 571 622 659 793 1118 1939 2167 2493 3178 3394 3917 5154 7714 9585 9640 
39 109 196 1575 1612 2857 2858 2859 
32 39 48 2754 2897 4423 
39 41 79 95 435 979 2254 2991 
32 38 48 475 504 3317 12522 
48 185 290 361 518 850 1027 1052 1115 1417 2079 2180 2181 3160 3776 4258 5108 5420 5742 5777 6338 6498 12473 12983 13255 
10 39 48 587 1353 4718 
39 48 89 
32 38 39 48 76 398 413 795 1188 1318 1819 2187 2300 2352 4047 7915 8913 10446 11296 12491 12961 
39 1578 2318 3291 
17 39 730 3101 13255 
27 38 39 41 48 89 229 249 270 286 924 1278 1319 1517 2228 2523 2552 3171 3280 3351 4630 4698 4777 6604 6784 9579 9963 10343 
48 4291 5235 5323 6398 6418 6466 7441 7785 9608 10027 10522 12960 13259 13448 13799 
38 39 41 48 110 677 1135 8978 
39 48 1020 2186 
2182 7316 
39 48 156 677 3964 16430 16431 
39 85 101 128 407 547 549 563 812 1124 1456 1562 1872 2892 3065 3100 3315 4650 5074 5742 8317 8867 10627 10928 12925 13466 16010 
18 32 604 612 913 1045 1562 4170 
610 1489 
32 
15 32 48 229 548 552 702 1046 1294 1634 2015 2856 3683 3912 4546 6722 6752 7396 11829 12677 
48 703 1727 2448 2775 3696 4144 6552 7097 8068 
39 48 4538 11138 
38 39 41 48 170 185 388 570 831 1085 1429 3067 3756 3778 4524 5098 5127 5152 7407 10630 
961 1496 1755 3391 4364 5036 5099 
39 48 522 
2335 2982 3994 4256 5700 9569 
39 82 1404 1564 2997 3553 4120 4841 
32 175 806 5456 
41 596 1185 1606 2290 3060 6953 12654 
48 289 297 424 544 1920 2399 2437 3270 3465 4472 4841 6134 9194 
48 8406 
1042 2265 8794 
39 48 856 3186 6046 9011 12949 
39 48 479 2254 7975 13048 
38 39 48 170 185 2958 5487 
48 488 2276 3215 3532 3542 12906 14120 15302 
39 41 44 48 59 199 237 249 251 268 280 414 549 746 750 772 824 865 893 925 939 974 1242 1286 1329 1489 1618 1655 1786 1999 2103 2187 2768 2993 3245 3270 3340 3489 3521 3774 3853 3858 3936 3941 4438 4608 4813 5186 5618 5955 6854 6928 7115 
45 67 10442 15219 
48 150 237 432 464 592 623 1004 1230 1246 2202 2329 2490 3293 3322 3409 4411 5116 5782 6266 7500 10535 11221 
39 41 48 2233 2817 2843 5921 15773 16010 16011 
39 41 48 49 161 225 328 393 447 993 1105 1889 3215 4685 5768 9203 9931 11248 
39 41 809 1930 16217 
38 39 48 156 170 595 1301 3848 4363 6096 9095 12163 
39 89 407 1043 1307 1515 1527 1543 
36 38 10195 15028 
32 38 39 3005 5593 5761 
32 39 48 65 178 270 284 464 518 842 885 921 1899 1903 1989 2406 3756 4580 8608 10656 15457 
32 48 418 862 3149 12935 
32 39 65 227 279 539 1192 1202 1296 1417 1600 2168 2313 2552 2607 3879 4240 4698 5490 10442 12925 13210 
170 
39 1393 9171 
39 3106 5596 
39 48 225 1939 2254 2337 8730 13186 14912 14954 16217 
39 41 48 533 
37 38 48 4221 
38 39 48 370 413 418 703 942 1158 1789 1980 2988 3988 4035 5074 6006 6998 7020 10513 10607 13128 14814 14877 
48 65 136 549 610 611 913 961 1715 2761 3706 3800 3840 4215 
48 548 919 9828 15595 
7 65 108 259 314 374 405 415 420 447 449 604 606 649 798 943 1466 1670 1896 2041 2171 2370 2569 2579 2661 3136 3202 3467 3588 3790 4061 4620 5034 6148 8341 8959 10480 10731 11143 12578 12585 12586 12630 
39 
38 48 2805 2868 3857 10442 
32 36 39 3149 
41 48 89 925 1049 2103 2997 4719 5250 
39 260 502 740 941 2472 2812 6866 14573 
11 48 78 320 407 464 1976 2440 2495 2897 4272 4546 6190 6722 7829 11454 11768 12873 
39 550 7220 
32 48 237 280 1043 1107 1153 1384 1385 1655 2495 2866 3046 3121 4340 6364 7988 12736 14373 15582 15636 
38 39 48 95 96 105 284 285 286 287 
36 38 45 249 260 264 301 489 571 621 2080 2158 2463 2678 3314 4367 4906 5224 6968 7899 10598 10635 10824 10930 
9 65 78 91 322 565 811 924 1360 1387 1429 1578 2129 2272 2480 2842 3404 4217 5143 6106 6279 10167 10189 
36 38 39 40 48 192 806 882 1987 5912 5987 7769 7770 9802 
32 
39 48 3102 6126 12889 
5 48 147 534 1587 1698 4979 9859 12935 14832 
286 365 
36 38 175 566 790 4297 4479 14386 
32 2726 
32 39 201 361 783 939 1142 1342 2652 4392 4500 4779 13736 
39 48 264 310 338 809 812 824 1015 2353 3149 3383 4285 4563 9395 10510 12473 12935 13543 14408 
39 41 48 
123 291 4397 7316 12943 
32 39 48 3799 
32 39 76 225 548 596 1143 1715 4017 9712 
48 65 193 232 464 500 555 640 704 859 896 991 993 1027 1661 2370 2528 2624 2917 3096 3526 3528 3746 3756 3762 3989 4826 5342 5350 5760 5948 6377 7961 8260 8867 10571 10779 11780 12981 12982 13413 
32 38 39 89 105 228 248 270 386 523 533 535 956 1364 1600 1653 1880 2486 2523 2669 2729 2861 2933 2934 3012 3412 3774 4190 5348 5767 9001 9517 10419 10831 
39 14386 
36 38 39 48 764 1489 4209 10017 
3756 6217 7635 
48 475 1253 4358 
39 612 783 971 3074 4159 
48 53 547 2838 4201 5074 16010 
41 161 229 442 749 793 1739 4937 5862 
48 49 653 718 1428 2043 2164 3976 6161 8437 8991 
2095 
39 60 2241 10818 
32 38 258 285 1619 2805 2810 3759 4546 10818 
248 975 2245 4027 12254 13602 
39 480 2104 8124 
36 38 39 79 110 621 
32 38 105 123 178 1046 2440 3577 6825 6932 11588 12718 12967 13112 13536 
39 48 242 3127 
165 225 626 675 684 698 867 897 1353 1569 3612 4159 5164 5388 6710 10984 12473 
9 259 604 2733 2769 4165 4570 6630 10542 10777 14098 
39 48 522 939 1602 1808 3679 4161 10253 
39 250 736 2468 4642 4643 
589 7224 10480 
89 242 768 2468 4336 4344 4495 
39 522 1578 2080 2314 4220 4691 6741 8102 
39 48 69 212 387 592 1158 1264 2118 2708 4221 4871 5161 13197 13964 
1 41 736 892 2103 5505 
45 976 1439 2528 3990 4251 5151 7293 13048 
32 264 1333 1361 
30 39 48 185 344 997 1962 1975 4386 7033 12920 12951 13584 
418 438 
38 39 170 2777 
38 39 48 105 107 1286 11631 12855 
39 48 65 255 272 1145 1538 1785 12512 
41 48 76 5272 7112 12959 
32 39 48 103 242 382 389 441 578 623 664 734 798 885 911 927 1214 1219 1220 1327 1343 1594 1903 1939 1949 2110 2208 2225 2383 2625 2629 2723 3102 4412 4433 4466 6615 7187 8740 9387 9501 10162 10535 11173 11512 12060 12083 13427 13582 14072 14124 
39 48 
10967 
