38 110 209 1417 
39 225 2154 
9 39 41 48 272 338 743 856 1361 2091 2118 2186 2353 2651 4650 4831 5453 6118 13041 
32 267 340 535 1130 1144 2374 3385 4552 6533 7414 
32 39 41 48 139 185 789 956 1198 1437 1842 2486 3270 5349 8239 
39 41 438 1991 6516 8995 
38 39 1590 2749 2802 3273 
39 48 653 772 1340 1435 1872 2344 2938 2949 3476 3890 3995 4377 5342 5578 5700 9967 10328 10869 13300 15920 16010 
36 38 39 41 48 783 1327 1456 2433 2434 
53 141 345 352 402 490 555 986 1099 1715 1856 1859 1984 2050 2290 2417 2425 2432 3038 3254 3411 3502 3678 3725 4398 4447 4527 5117 5548 6383 6597 6746 6757 7253 7254 7255 7256 7257 7258 7259 
39 41 48 175 338 571 1640 1815 2344 2468 2919 3988 5863 6593 10917 13041 13189 14040 15618 
39 2760 6138 10074 10446 14643 15232 
41 749 1368 2620 2987 3662 4038 6656 8616 
39 150 310 2831 13533 
39 41 522 826 
45 48 267 10809 
209 1976 13206 
39 48 78 225 255 260 2214 4133 7117 7321 12943 
32 39 101 123 301 345 425 438 479 605 697 783 798 829 1367 2344 2401 2812 2987 3804 3816 4702 5373 5919 6447 11276 12973 14442 
31 40 48 52 234 236 413 467 549 574 649 772 1198 1530 1542 1838 2186 2303 2306 2840 2898 3317 3504 3539 4310 4336 4613 5257 5607 5781 7822 8566 9964 10493 11295 11371 12189 
32 41 79 2056 2238 3884 
39 41 65 708 3013 3966 5114 10424 10978 11158 11159 
32 48 1258 1301 1302 2885 10574 10914 11577 
38 39 48 56 76 346 425 522 827 927 968 986 1114 1327 3161 3609 
39 41 48 69 78 793 3316 3434 10584 13088 14634 15832 
23 39 41 48 2915 
56 225 370 1520 9543 
39 48 79 831 838 1239 1393 2254 2335 2635 3084 3472 3668 14549 
334 4483 5720 
48 95 261 379 1237 1291 1415 1739 1931 1989 2880 6194 13443 16217 
32 39 41 48 76 910 1073 1198 1282 1396 2352 2415 2493 2609 3420 3510 3688 4377 4873 5262 6108 6650 7007 8186 10446 10741 11032 11638 
129 199 282 592 623 912 1456 1922 3756 4395 5127 5379 10446 
2 45 345 425 715 835 836 956 1310 2053 2455 2635 3500 5171 5487 7493 13489 
36 38 39 48 107 136 379 414 1324 1369 1587 1737 4832 10815 12677 13615 13786 14098 14833 
48 270 426 1531 5694 9001 
38 39 48 65 107 170 203 334 604 789 1413 1596 1964 2492 4027 5026 5116 5287 6489 8124 11968 
41 48 59 161 176 589 943 1814 2383 3476 3897 4105 4686 5858 6172 7858 
206 533 1373 1796 3582 4097 4663 4832 
37 38 438 10656 
32 78 164 589 592 684 696 2931 4317 10912 
39 271 649 2892 6353 9555 13856 
32 48 968 12201 
41 286 911 1727 2241 9203 
39 48 237 681 968 1783 2046 2626 5003 5789 8222 10878 
39 251 1048 
39 147 251 269 338 413 766 1145 1445 1540 1634 3462 4002 5164 5958 7178 
39 978 1348 1809 
39 185 338 534 677 908 947 1658 3368 3579 7334 7594 9555 11164 
39 48 95 345 697 2544 4650 12981 
39 48 1004 3981 
48 374 1126 10563 15017 
18 22 48 280 734 1353 2516 2868 2958 3550 3576 3616 4127 4649 5273 5596 6336 6575 8620 
147 511 2749 12996 
39 248 570 723 740 
39 381 3659 
697 1493 6855 
39 48 
334 535 1991 2479 4642 10651 
32 39 48 49 270 4321 5152 
48 690 1297 1494 1513 2768 3270 4690 5505 7561 
32 38 170 310 764 
39 48 65 1880 2353 8679 11254 
32 1035 1720 1811 4835 6009 11318 12951 13734 
39 48 795 1663 1818 1819 2775 3311 5142 
32 39 41 48 65 270 271 1854 10188 
32 98 405 415 831 880 968 1010 1368 1886 2786 2998 4270 4500 6341 7176 8596 8597 10723 15618 15638 15891 15923 
41 48 175 301 660 2051 2892 3175 4535 8551 
32 38 39 48 110 133 255 398 3565 11296 
48 212 1004 1637 2090 2296 3553 4342 10691 14944 
19 38 39 48 281 374 408 534 662 711 740 799 1013 1052 1143 1556 1688 1702 1947 2241 2351 2474 2708 3270 3383 3870 4070 4621 4822 5158 6523 6915 
101 173 249 398 415 479 533 641 660 727 1000 1095 1579 1714 2212 2279 2300 2337 2492 2669 2919 6325 6389 6831 10893 12841 13132 13443 
310 522 544 569 1616 1701 2259 3177 3476 3855 3880 4590 4810 5172 8550 10087 
2 39 79 541 6407 
871 1714 5489 6353 
48 521 1624 1766 14053 14075 
273 
39 48 50 106 155 255 308 405 549 941 974 1269 1430 1814 3504 4376 4460 8014 10627 
11467 
38 286 592 1708 2182 8911 8912 
32 38 39 48 170 4913 6128 13004 
32 492 797 1084 1219 1870 4278 4486 13021 14099 14606 
48 432 474 1009 2769 3024 3313 5198 8594 9273 
10 39 41 48 60 943 2353 8511 13041 15618 
39 48 101 179 255 589 783 817 824 846 1126 2199 2329 2492 3516 5315 6214 7472 
38 133 286 475 
39 676 1035 1286 
39 389 465 842 1026 2879 
65 768 1163 2008 5289 
48 572 2269 4326 13318 
32 39 48 49 78 522 1066 1930 2364 3643 3754 5613 8679 12952 13056 
48 222 704 2446 10393 
38 41 170 513 6714 12938 16430 16431 
39 48 
31 32 41 433 434 
9 32 39 48 76 77 201 334 337 338 373 425 614 662 708 855 979 987 1000 1331 1468 1659 1814 1832 2103 2109 2168 2263 2281 2381 2614 2804 2845 2864 3102 3128 3273 3297 3362 3405 3678 3709 4016 4417 4570 4610 4625 4951 5133 6675 6731 6777 6818 6823 7205 7240 7253 7463 8063 8674 8804 8846 9010 9697 9773 10311 
5 39 48 65 101 147 282 310 440 479 1429 1670 2793 6206 8689 14098 14417 
2 32 123 800 1309 5467 6403 7975 13464 14031 
334 415 816 3853 14098 16088 
32 53 58 147 201 464 591 636 651 763 803 878 963 973 1015 2147 2173 2245 2269 2625 3033 3361 3569 4002 4643 4764 5248 6179 6317 6691 7938 9420 13375 14051 14637 
41 48 249 433 524 546 1055 1387 1393 3405 4374 4959 
48 117 179 258 328 1277 1393 2402 2767 4227 4994 7185 13022 
38 39 371 
32 415 651 694 1046 1127 4768 6446 6697 6752 9897 12943 14218 15477 
195 200 1239 1640 1795 2161 2327 3951 7284 9501 10202 
39 48 911 1311 1313 1847 1876 2241 15258 15265 
38 39 41 111 286 397 849 913 956 1984 2316 2381 2511 2566 2672 3790 4170 5074 7071 7187 8777 10129 
32 48 108 392 488 961 1440 1715 3635 9411 10580 
38 39 44 47 48 533 1320 2987 3174 
38 39 47 48 56 171 594 734 810 1424 1428 2344 2673 7763 12943 15303 
37 38 
32 
39 41 48 103 680 772 2259 3321 
39 269 3036 4536 7207 9907 11348 13152 
39 4501 
379 489 850 2093 5768 10531 12600 
31 39 48 392 397 398 734 1578 5072 5080 
36 38 39 41 170 6404 10540 14112 
39 225 228 467 1186 2236 2238 2519 3635 6554 6813 11421 13103 14638 
48 1659 4105 4695 
39 41 48 406 407 488 760 1111 1247 1986 2437 2842 3156 5892 7076 9025 9546 
89 2083 2296 2412 2712 3724 6099 7316 9643 11266 11471 13536 13751 14313 14935 
38 39 48 89 147 370 682 1520 1727 1994 2795 2873 5144 5442 9565 11254 12070 12567 12568 12604 
18 48 60 111 141 260 943 1071 1123 1320 1344 1709 1872 2583 4031 4646 7346 
48 330 566 694 793 1141 1362 1872 2363 5358 11468 11539 11676 
39 41 48 79 279 418 812 1332 1778 2525 3361 4445 5116 5788 7129 10553 15302 15832 
39 259 270 271 338 1693 5489 10584 12933 
9 592 861 4685 
83 11264 
10 31 39 60 65 237 350 475 1375 1525 2216 4524 4840 10648 
32 39 48 4968 10890 
1 39 117 408 8068 14478 
32 39 41 48 438 9150 10423 16430 16431 
2 48 201 352 612 766 861 887 1003 1013 1613 1781 2024 2092 2184 2324 2428 2630 2669 2841 3012 3206 3436 3602 3660 3735 3756 4107 4204 4221 4763 5290 6105 7479 7480 
39 666 1030 1476 4087 
39 1000 
32 39 41 48 147 225 687 1118 1396 1524 1868 2135 2167 2238 3158 3266 5973 6082 6232 7540 8043 8795 10490 10508 10648 11820 
39 93 271 572 
32 39 48 65 89 526 681 1425 1629 1890 2405 3964 4572 5161 11794 12925 13437 
39 1327 1659 4339 14656 
14029 14390 
48 751 2071 15832 
39 45 225 242 322 1602 2238 14386 
39 649 874 1215 2947 
39 334 1700 1791 6833 
39 48 829 1121 2743 4093 12907 
65 101 123 246 413 449 533 993 1018 1144 1376 1772 1815 2046 2182 2544 2771 2982 3533 3829 4960 6497 7768 
38 39 41 48 67 110 117 1705 1814 2363 4334 5489 10656 14098 16010 
45 76 186 421 434 490 1015 1028 1239 1547 1629 1808 1897 2259 2977 3530 3531 3573 4994 5560 10584 11397 12946 14099 15036 15345 
38 56 79 256 640 856 878 1082 1113 1144 1250 1313 1602 1606 1644 2166 2893 2998 3213 3258 3870 4402 6184 6334 11624 12274 13032 13131 13462 
38 170 310 9212 
39 41 48 89 101 1333 3157 3472 4660 5350 8985 10442 10571 
31 53 740 925 1308 1393 1518 2837 3502 3903 5314 
1959 3052 4787 5902 
16 65 199 249 259 420 526 718 736 1043 1714 1808 1990 2552 3331 4207 4940 5771 7895 9555 9666 10777 11246 12929 13015 13107 
39 41 1146 3616 7509 
39 
17 39 325 475 730 2518 3101 7161 
1057 1987 2375 11820 
48 4374 7975 12486 13299 
32 39 48 205 433 956 3276 13334 13524 
39 41 48 161 261 1655 1939 4863 5127 5439 16430 16431 
39 65 101 208 301 589 980 1082 1121 1698 1966 2199 2597 2729 3306 3317 5019 5142 5160 5642 8596 8737 8906 
32 39 48 270 367 543 783 842 1026 1355 2091 2991 5666 10444 10939 13153 
60 116 147 248 310 352 362 374 981 1080 1269 1378 1379 1380 1755 1796 1859 2019 2070 4186 6165 
39 41 48 89 123 424 651 924 2335 3642 7975 10423 11747 12929 13033 15832 
39 
39 48 498 650 740 1030 1214 1642 6803 8934 8937 
126 259 279 592 625 1603 2619 6893 9311 
39 41 48 12601 
39 1052 1986 5778 
10 39 48 2723 10615 
39 41 48 65 248 338 526 566 660 766 865 1393 1629 1808 4336 11600 
39 48 65 101 248 289 297 408 460 544 563 636 760 862 942 1101 1277 1396 1595 1771 1786 1980 2208 2511 2800 2817 2952 2973 3331 3842 4362 5126 5851 6406 6478 7404 7544 7683 8024 8295 
39 48 2878 3160 3987 4685 
2654 3347 
39 48 13178 
168 236 413 1473 1530 1542 3752 
39 48 65 604 649 913 2215 4685 5026 6656 7447 7890 
39 48 225 405 680 826 885 1783 2893 4292 6520 10500 10758 13437 14120 14597 
39 48 395 662 1578 1736 1976 2241 2629 3299 3317 8985 9669 10868 10967 15453 
12 38 39 47 48 150 225 424 475 713 1122 1834 2383 2900 2930 5197 5802 6410 10132 10448 10454 10723 14098 15036 15345 
32 772 2764 3638 
38 41 47 390 2208 5029 7007 
32 75 156 233 2004 2383 
39 48 101 237 272 719 783 
39 1435 2238 8973 
1103 2596 3185 
38 39 41 109 110 
32 39 41 48 127 159 246 1113 2332 2878 2879 2891 3088 3638 4940 5570 7006 7127 
39 77 513 708 1159 1655 13533 
39 2388 2915 10575 10855 10856 
38 39 48 105 3573 
2 38 89 110 407 3198 4723 6675 
2046 10444 10897 
39 48 237 1488 3521 4580 11900 
2496 3878 10605 
39 48 374 441 454 623 1560 1562 4877 7951 8068 9123 9155 9843 13335 16217 16224 
19 48 413 
38 41 48 110 
48 237 490 587 651 1933 2033 2363 3371 3431 3580 3791 3836 3931 4269 4840 5773 6989 7867 7869 9417 
48 229 451 548 704 755 772 885 1048 1600 2034 2370 2831 3202 3517 3866 5458 5837 6916 8512 10411 10420 10515 10777 11760 12130 13120 13940 14357 
19 36 38 340 15832 
226 599 1075 2604 4570 13662 
32 36 38 39 48 65 89 310 544 994 1209 1371 1479 1725 2061 2315 7518 9925 10184 12070 12925 
32 38 40 170 237 
32 39 48 338 740 1071 2638 2861 3119 4004 4804 9879 14019 
48 89 166 525 682 1766 2630 2775 3879 4272 5027 9299 11503 12693 13562 14791 15205 
39 48 101 413 824 874 1672 1795 2306 2464 3065 6593 7996 10498 12925 14585 
242 413 1219 1220 1497 2208 2424 2492 3947 4433 12925 12943 14854 15515 15590 15605 15606 15607 15608 
39 41 48 103 1284 2284 2633 12508 16010 16011 
39 48 65 334 2746 12935 14060 14616 15125 
838 846 3099 
48 227 395 495 783 4221 10645 
39 48 79 222 599 766 1340 8553 
32 1915 2048 5332 
1561 4883 8068 10451 
103 225 271 438 1055 1545 2238 2318 2709 4110 6388 8031 
32 39 249 346 398 422 493 571 660 1144 1210 1456 1543 2039 2430 2431 2508 2657 2760 2883 2957 3266 3777 4595 5531 5981 6722 9516 10598 10645 
38 39 41 48 104 110 622 725 754 789 1215 1882 1896 1986 2241 4020 4665 5074 8895 
32 39 4831 15009 
32 39 41 48 374 885 1146 1538 1543 1929 5174 9843 13334 
39 48 76 310 342 479 550 832 916 1020 1319 1387 1403 1596 1659 1814 2023 3717 4546 5469 5470 6358 8137 8553 10910 11266 
37 38 39 48 286 734 983 2194 2958 3676 5273 
677 2492 2915 7748 12819 12932 
38 48 571 740 1024 1831 2273 3270 4939 5849 10074 
79 432 
63 64 65 66 67 68 
39 41 48 65 374 808 2278 2595 2621 16217 
32 48 111 512 570 649 1131 1579 2323 4326 4336 12361 12925 12981 13008 13122 
39 223 341 480 563 636 968 1059 1081 1402 1430 1505 1506 1673 1937 2417 2425 2506 2702 2703 2981 3109 3297 3700 3720 3724 3886 4013 4891 5477 5537 5575 5786 5815 5894 6095 6256 6272 6373 6394 6636 7520 7777 7931 8154 8896 
39 41 175 259 425 789 806 829 989 2072 5150 10454 12092 12929 15106 
32 39 41 191 270 2015 2741 6520 11249 
32 39 48 65 123 340 589 592 770 941 1004 1363 1678 2053 2257 2934 3551 3789 4841 4953 5186 5210 5516 6967 9311 10687 10699 10808 11221 15219 
39 41 48 309 334 644 1198 1269 1279 4243 
39 41 237 262 1786 
39 48 123 558 687 824 1425 1901 4258 4739 4744 4764 6082 6173 7540 9304 
32 38 39 69 110 242 3646 10491 
39 41 48 76 652 759 2283 2513 3365 3799 3853 4677 5968 7674 10470 10490 10525 
35 38 41 48 105 123 420 766 1076 1084 4990 7068 16430 16431 
38 170 338 475 2915 8859 
310 589 677 879 1148 3643 4374 
39 48 78 798 1776 2626 3286 12201 
39 48 
50 65 127 2188 5133 13227 15119 
150 1075 1632 2982 3261 5350 10943 
39 48 3571 
39 2173 4588 7726 
48 233 262 438 1100 1530 1678 1838 2059 2943 3330 5958 10722 
48 420 704 1883 4854 6458 6704 7585 
32 39 65 338 418 501 824 1910 1957 2035 2199 2769 3294 11768 13122 15060 
32 39 41 48 101 319 533 1459 4339 4524 5048 5049 15832 
39 449 1165 1656 2329 2552 3923 5405 10515 12923 14248 16054 
1603 1653 2482 2486 13103 
10 147 251 5769 13443 
39 48 441 475 570 755 766 1891 2026 2069 2168 2208 2267 2271 2360 2423 2552 2843 5248 6276 10283 10568 13060 13079 14190 
32 341 589 606 694 873 1158 1364 1456 2599 7524 10818 13662 14374 
32 39 41 65 310 435 799 1417 1435 1786 1855 1922 2544 3383 4306 5154 5968 8579 
3204 3490 7372 7805 
39 407 1323 2457 4791 4859 9231 12020 12092 12391 
39 1653 2692 
37 39 1714 5174 
48 78 284 947 1070 1360 1557 1570 1890 1899 1903 4911 6882 13427 14120 15039 15389 
32 41 108 548 611 961 1403 1570 2011 3324 3973 4472 7718 9510 12677 16430 16431 
32 48 310 369 703 861 1199 3400 3422 3508 3509 4246 4269 4843 5268 5731 6276 
38 39 48 67 170 336 583 957 1543 1884 1986 2861 2880 4436 5169 5496 10469 10490 11001 
38 170 
38 39 48 286 2199 2792 4790 5074 
39 48 7373 7495 11598 
13057 15480 
39 147 225 259 942 967 1327 2436 2550 2578 7750 10824 13060 
39 41 48 444 478 1322 1340 1675 2244 3736 4869 5308 6624 6709 7068 7892 
256 766 10674 15039 15143 
48 65 2817 5441 
38 39 48 286 1257 1964 2375 
39 48 65 310 424 856 958 1043 1286 1513 1619 1783 2135 2383 2495 3415 3973 
39 41 48 161 341 597 754 1327 1642 3351 4269 8899 9315 
39 
32 39 41 4344 4843 9203 
38 39 41 48 60 371 1552 4587 5248 
438 11501 12308 13241 
39 48 1015 1146 5505 
37 38 475 497 1261 2872 3434 12168 
48 112 117 310 438 515 548 610 655 749 987 1014 1595 1602 1854 2054 2154 2208 2249 2437 2515 2708 3291 3742 3759 4317 6858 8867 
39 48 237 249 469 533 1738 2309 5603 5790 5902 10623 
38 39 41 286 593 3371 
32 39 41 48 189 200 310 337 373 388 445 1057 1082 1937 2267 2598 2835 3365 3409 3539 4409 4445 4779 5772 8135 8837 9555 9617 9669 
39 41 225 
38 371 
36 38 41 65 909 1172 2819 2916 9541 
39 48 103 161 596 1071 2117 4412 5894 11074 13666 
41 48 288 808 830 1860 2464 2919 3151 12745 12982 
10 48 423 704 740 856 1990 2723 3161 3724 7068 
32 39 48 908 909 2794 3055 3436 3604 4004 4058 4734 5339 5647 6760 10536 
32 39 48 438 622 1077 1440 2208 2274 2746 3895 4229 6276 6897 9194 12004 12060 
38 39 48 170 264 1003 2464 4760 6091 
39 389 1481 5487 13536 
39 310 2191 
36 39 48 237 565 581 760 856 947 2120 2191 2219 2947 
9 30 39 48 80 89 101 249 454 1144 1180 1652 2868 4743 10670 14176 
79 227 1355 6354 7769 
32 39 48 65 123 201 225 314 464 649 879 1232 1478 2267 2872 3762 6270 6602 7873 11675 
36 38 39 41 48 79 89 101 201 262 420 449 475 1000 1113 1586 1814 2360 3161 3609 4336 5134 5849 11902 
32 38 39 41 48 101 105 208 225 267 340 650 808 818 859 865 938 984 1016 1153 1385 1655 1994 2002 2388 2775 2987 2988 3368 4124 4386 4555 4572 5137 7988 10555 10730 11093 11230 
9 32 39 41 48 101 147 150 325 328 740 939 1990 2137 2793 3160 
36 38 41 48 664 939 1333 2321 3245 4252 10723 13734 15515 15979 
39 48 185 399 488 1677 1930 2485 2853 2854 4201 4698 5661 5894 9207 10295 11768 
39 48 779 1060 2958 3827 3828 
39 41 48 75 156 200 229 1678 4282 6354 
32 
1355 
36 38 249 593 2363 3504 5133 13049 15064 
5 31 38 39 41 48 101 170 185 342 413 550 566 682 1113 1249 1616 1664 2056 2135 2168 2894 3019 3951 4525 4891 5613 5618 7293 10444 12967 13189 13603 13615 15988 15994 16010 16015 
39 48 49 123 522 740 812 846 1066 1286 1393 1714 2177 3253 
22 32 95 123 152 207 319 331 332 448 560 640 855 878 926 1282 1288 1929 1981 1994 2215 2413 2600 2664 2698 2702 2861 2905 2978 3035 4336 6647 7902 8200 8416 8720 8928 9407 10731 11143 11196 12085 13028 13062 14025 14641 14907 14908 14909 
39 48 260 261 346 365 399 767 938 1003 1700 2879 3035 3270 6682 8277 8991 10554 12657 
39 48 438 1144 1488 2728 4157 14098 
32 41 48 79 108 185 203 280 319 396 959 1014 1016 1022 1257 1504 1562 2254 2270 2536 2749 2958 3155 3542 6386 6404 8620 12092 12932 13041 14827 15149 
39 41 626 2399 13602 
465 542 1177 1347 1440 3355 5566 6291 7484 
31 48 237 1771 
41 156 259 301 1143 1294 2369 2474 4272 4282 4389 5142 9088 10548 11032 11761 
1360 2783 3878 
8700 
25 60 80 155 272 412 608 845 1333 1470 1695 1714 2563 3045 3194 6921 
1403 1786 
7358 7679 
32 438 824 2080 2678 
41 48 242 264 265 274 740 757 811 4586 5663 5998 6362 6363 7174 8443 9775 9777 
32 326 475 2702 5091 6273 
39 48 574 1783 1903 2518 4028 5994 6057 7337 10188 12925 13443 14406 
424 1113 13047 
32 39 48 83 147 260 322 570 635 1677 3102 3300 3317 3504 3966 4013 4042 4710 5081 
39 48 62 92 695 838 1013 1075 1332 6097 6960 
32 242 285 491 764 932 1013 1035 1070 1543 2296 2890 2963 3102 3855 3950 4065 4121 5350 9664 10656 10939 11656 11826 
39 1010 
32 48 2741 3006 15799 15832 
38 48 105 269 712 943 1178 1578 2180 2318 2581 3931 7518 11690 13041 14876 
48 117 976 1233 1715 1833 2147 2425 2539 3186 3641 3784 3820 4015 4661 7347 7595 
32 39 5897 12546 
35 39 48 207 270 405 490 807 824 929 979 1056 1081 1146 1393 1591 2238 2259 4353 5712 10448 10469 10480 10515 10531 10533 10815 10831 11326 13228 14355 15033 15191 
48 420 1311 8978 12973 16010 16011 16017 
39 5237 7726 
32 227 389 548 12959 
39 97 279 1466 3511 5651 5801 10140 12164 
167 308 309 516 683 696 798 806 1308 4292 4360 6223 
38 41 48 185 2805 
38 39 48 267 281 286 441 640 1814 4208 4384 5150 7062 9793 13222 13402 13593 14270 14810 14811 14812 
38 39 48 281 2987 6319 9470 10434 
38 39 48 110 488 526 2335 3894 5997 6751 10955 10956 10957 10958 
32 79 286 938 1046 3616 10455 
39 48 1488 1935 6304 
32 37 38 291 753 1004 2257 2573 6410 
48 398 667 1297 1720 3861 6200 6728 15017 
6 11 39 48 52 62 65 98 133 187 342 365 535 544 643 798 916 979 1019 1076 1259 1281 1562 1932 1991 2080 2603 2626 2811 2885 2890 2987 3294 3331 3462 3998 4127 4764 4975 5358 5426 5675 5898 6493 6585 6866 7262 8914 9621 9859 10011 10656 10939 11224 11294 11512 12929 14119 14200 14201 
39 41 48 179 206 2468 8715 
32 39 41 48 311 313 760 1152 1966 2100 2219 4740 6173 7540 
255 2855 2902 
48 201 226 805 963 2076 2154 2764 5778 9020 10555 10908 
48 279 772 1082 4211 
32 39 40 41 48 234 271 287 492 558 587 962 1135 1663 1725 1773 2079 2707 3318 3321 3336 4625 4927 4940 8194 8730 10128 10792 12101 
39 48 279 310 338 586 865 996 1031 2051 2122 2958 3722 10487 10555 12037 13002 13234 13524 13605 14098 14131 
39 41 48 161 225 597 604 1121 1327 3793 5950 10611 11537 11644 
147 449 649 1192 1557 1864 2552 2929 3866 
32 48 
284 1808 9304 10221 
38 39 41 270 281 597 1355 1440 3159 3633 4765 10450 10591 11325 
39 48 340 12943 12973 
272 751 3221 4215 10505 14248 
39 48 16011 
32 36 38 766 1188 1344 3316 5082 
242 377 626 697 783 1763 2097 8092 14566 
2133 2577 2821 4272 6447 10446 10734 11859 
39 48 2119 2168 5919 6493 8368 13556 15831 
2338 3418 
38 39 41 310 566 1188 16010 
22 39 432 798 846 855 916 1020 1282 1583 1765 1853 1929 2118 2281 2619 2861 2975 2987 3228 3274 3687 3724 4126 4156 4348 4580 5716 5863 
32 39 41 98 136 202 206 592 1067 1204 1678 1991 2337 2338 2350 2420 2621 2795 3390 3945 5074 10457 10486 10777 
3561 11794 15613 
39 156 411 533 1103 1439 1808 1987 
32 39 48 60 179 246 398 413 734 1404 1956 2883 13318 
48 88 367 368 380 413 418 522 565 581 649 824 1163 1172 1394 1899 1939 2118 2187 2191 2210 2574 2683 3099 3106 4164 5040 5329 5605 5899 8758 10800 14634 
38 39 56 
177 7945 10448 11110 13413 14478 
48 401 1819 1842 2241 2344 7185 10453 10535 11660 12946 13427 
31 35 94 153 222 408 533 621 653 690 697 753 1237 1291 1368 1372 1455 2049 2245 2325 2355 2413 2624 2650 3462 3662 3683 3710 4036 4512 4665 5481 5482 
39 48 150 310 649 763 1060 
38 39 65 101 170 176 194 195 336 649 704 798 846 901 1014 1081 1158 1344 1604 1611 1771 2831 2987 3067 3769 3793 4316 5170 5950 10420 10493 10515 11143 13462 14214 14221 14357 
39 45 48 681 798 1072 1332 
39 776 1814 1960 3855 8879 
643 846 2469 2513 5863 10451 10653 10879 
39 48 101 1973 2118 2375 2614 2746 2813 3292 3499 5405 11801 13423 14374 14855 
155 12925 
37 38 39 48 279 2280 6520 10627 
39 48 849 4479 8308 
41 48 185 809 1595 2843 2994 3435 9737 13041 14988 15571 
41 48 537 1361 4324 
89 664 714 1327 
48 117 475 785 974 1173 2988 5164 12963 13119 
11 32 14159 16092 
38 39 47 48 1987 2477 2506 2764 3532 3973 4245 4940 5049 6442 12935 
37 38 79 
830 1686 5671 
39 48 820 821 2888 9843 10791 
39 48 91 133 270 271 300 548 2080 2175 2238 2468 2808 3742 4705 4942 5884 13520 13610 13962 14019 14275 
39 41 48 1327 5343 6529 6770 6771 
39 41 48 65 80 127 438 570 637 805 1076 1084 1168 1185 1475 1476 1538 1543 1592 1910 2080 2760 2819 4106 4121 10471 10474 10515 12939 14574 
32 39 351 643 5194 
32 48 161 766 1423 2211 4243 5437 7331 10747 
32 39 48 65 79 225 392 432 849 2292 2544 4304 4530 12092 
11 39 1198 1966 2097 2326 2524 2894 4067 4478 4831 10445 
39 41 48 79 271 1121 1282 2126 4386 
38 39 48 649 1000 3814 
39 48 203 389 925 1135 2083 2319 3410 4176 4392 5887 6037 8508 9644 10739 10913 11603 12503 
5 32 39 65 535 973 1004 1887 2495 2614 3361 3510 3872 5512 10731 12005 
39 1026 1393 2958 3773 4344 4720 5563 5683 6219 7435 7963 12951 13002 
39 768 1390 5059 
596 598 5958 6270 
39 48 284 1155 7397 12039 
32 766 1046 
39 41 48 270 271 475 599 2373 11695 
65 161 1826 5041 6190 12943 12951 
39 41 48 916 2915 5239 10787 
211 1958 5080 9758 11002 
39 
783 812 1004 1693 2443 4202 5022 
36 38 39 286 499 1360 2225 
3313 
39 48 227 351 612 976 5136 5330 6126 10414 10415 
65 4990 9555 9646 
39 48 89 150 156 340 389 413 479 907 1215 2383 3973 5153 6408 6959 7301 7558 10448 10515 
39 270 653 704 828 831 919 993 1163 1422 1795 1805 4616 6447 10508 
38 39 48 286 1394 1909 
39 342 544 581 704 860 2238 2673 3715 5341 5729 9765 12036 
32 442 519 5074 6574 8053 9171 10453 
39 89 1677 
484 4263 5857 
464 760 2168 5289 13041 
32 235 249 279 745 812 1329 1432 1435 2103 2126 2186 2404 2775 3358 3411 6922 7992 
18 38 39 110 2856 
255 1755 4884 
39 48 108 152 179 824 1067 
32 39 41 48 147 232 282 466 659 808 3968 4325 4457 4464 5346 7205 13462 14099 16129 
39 41 48 148 237 270 511 548 822 1083 2238 2477 2541 3083 3619 4030 4899 8327 9203 9289 9290 9291 9292 
38 1590 2805 2848 7252 12590 12623 
432 546 574 3789 
0 32 155 237 396 1280 4558 4559 
39 48 808 
48 89 96 123 379 1899 2631 4970 4993 9477 10446 13174 13302 14108 14213 
39 48 64 147 715 4699 8978 
164 166 249 684 727 753 1144 1203 1327 1938 3055 3688 3914 4184 4909 5278 5926 5973 11793 
39 155 272 301 989 1934 2468 4345 
1518 13177 
36 38 41 48 237 475 490 699 1121 1533 1534 3537 3659 4650 7975 8978 
39 208 647 769 1086 1557 1659 3625 6670 
39 48 53 147 341 413 766 1319 1814 2485 12918 12919 12920 
41 48 79 425 488 627 1585 2617 3264 9573 13028 
39 48 5570 13008 13041 
39 48 91 150 2527 3202 3827 4891 10525 11037 11346 11630 12019 
10 
664 848 874 1315 1466 1467 1517 1616 2092 2186 2293 3136 3502 3855 5264 9029 10953 12411 12959 13056 16010 
39 3025 4499 7519 10474 11531 13177 
39 48 156 811 1537 3171 5623 
38 39 47 48 75 164 165 237 570 684 785 829 974 1068 1475 1476 1538 2101 2383 2554 4141 6060 
32 39 48 548 961 1046 1879 2027 2964 3465 3964 4766 4806 5466 10354 11270 13048 14486 
39 41 48 65 84 119 200 442 612 929 1004 1578 2425 2818 3664 6532 
912 6587 
39 48 76 79 176 615 987 1015 1275 1829 2866 10568 14098 
48 779 877 1061 1237 1291 1376 1415 1600 1872 1931 2424 5150 7912 11129 12302 
58 420 438 877 2559 2673 5337 
37 38 110 401 1158 1172 1939 
39 48 544 14098 
32 4383 13025 
48 470 475 753 1004 4699 5224 6236 14883 
36 38 39 41 
39 48 
32 39 48 2351 
39 48 438 829 1283 1393 2440 4307 6128 14098 
32 39 48 103 242 382 389 441 578 623 664 734 798 885 911 927 1214 1219 1220 1327 1343 1594 1903 1939 1949 2110 2208 2225 2383 2625 2629 2723 3102 4412 4433 4466 6615 7187 8740 9387 9501 10162 10535 11173 11512 12060 12083 13427 13582 14072 14124 
39 48 768 1765 2626 3297 4207 
41 48 92 103 739 773 2749 
39 48 76 123 242 352 426 434 666 693 783 808 919 927 976 1005 1146 1459 1600 1859 1870 1897 2033 2155 2426 2451 2504 2673 2694 2745 2815 3091 3573 3590 4518 4519 4648 4713 5043 5143 5360 
10 32 36 38 39 48 78 297 791 1444 1658 2056 2118 2808 2966 3251 3314 3742 4077 5864 6526 7502 10546 14090 
39 97 201 237 758 902 1168 1393 1435 2947 3514 3596 3799 3853 3951 4921 6403 10682 13679 14943 15052 
38 39 41 270 790 1043 1972 2169 2238 2725 3170 6114 8978 
39 157 309 591 763 829 1080 2769 
36 38 39 156 1424 8031 
39 41 237 587 821 1031 1987 2058 2326 10463 10484 10846 
39 41 48 49 398 543 595 622 660 1343 1417 1715 2446 3793 3840 4393 6780 8126 13557 
39 41 290 643 2284 2555 4009 4386 5037 5712 8730 12943 15060 16155 16182 16219 16236 16242 16250 16255 16296 16309 16363 16364 
39 48 123 246 1290 4435 4500 4666 6769 
39 225 340 
39 3659 
39 270 447 475 476 488 947 1146 1344 1561 2855 
5 39 48 362 527 544 570 1286 2378 2808 3161 3609 5048 5980 6635 6746 11615 11749 12657 12999 13182 13359 
32 14386 
39 48 2229 
32 48 976 1578 3412 4852 5415 5989 5998 6577 10730 10758 13434 13991 15667 15764 
32 48 65 89 147 340 405 547 715 751 789 1001 1357 1594 1655 1771 1992 3546 4098 10515 10866 11051 12692 13041 14040 
1344 
19 39 48 249 2525 3270 8691 14943 15988 
1853 5469 
39 393 
179 301 468 861 1404 1618 3802 4026 4166 4167 
23 
39 48 808 2402 16155 16217 
45 48 123 176 186 211 237 489 676 816 1028 1327 1550 1808 1896 1897 2635 2654 3573 3804 3896 4157 5323 5782 10045 10420 10490 10711 10804 11660 
32 39 694 714 971 1327 
32 48 92 295 1401 1924 2212 3569 9665 
32 39 48 
32 39 48 89 525 3514 4650 
32 38 39 48 846 1121 2294 3157 3904 4097 4238 4899 4913 7405 8504 
38 39 371 13423 
32 39 1594 2778 
117 204 500 544 570 623 783 968 1613 2286 2554 2635 3609 3722 4310 5510 5754 5768 8436 10584 10648 
38 39 1307 1590 2665 10515 13052 
32 39 41 48 2817 2843 4669 16217 
39 48 65 201 438 766 1373 1439 2413 2786 5784 14098 
39 246 1123 1316 1348 2834 5086 7155 
37 38 547 548 1852 2431 2831 4396 
18 32 39 41 48 703 913 1619 1841 2157 2322 2383 2390 2495 2634 3316 3317 4224 4348 5205 15832 15838 
48 2441 2909 4624 7735 8251 9849 
85 129 730 1101 1895 1937 1998 2485 2515 4282 11378 11452 11974 
32 39 41 48 831 961 1067 2011 3062 13189 
175 1355 4057 
41 94 139 1966 2988 3539 4650 4753 5160 8275 
39 2528 2688 
39 48 150 402 446 1920 2081 2874 3035 3316 3966 4502 5661 10921 
9 38 39 41 48 67 85 164 165 170 413 426 547 637 643 696 699 730 805 827 966 1273 1435 1527 1896 1910 2238 2351 2353 2374 2495 2528 2760 2889 2951 2953 5770 7769 8128 8748 14098 16010 
32 264 365 7415 
32 1930 2879 
39 2080 13189 
23 38 170 290 464 533 560 730 1185 1281 1543 1986 2136 2468 4105 5937 6255 13008 
5 39 41 48 262 319 535 766 788 1062 1355 1361 1704 1867 3952 4123 4392 5346 5858 
39 48 244 309 591 1269 1378 1379 1380 2782 3134 3260 3270 3684 3689 4550 4873 9541 10817 12036 12541 
39 41 48 
48 117 225 389 793 941 5124 7975 
32 48 501 855 1257 2515 3157 3262 4027 4412 4718 4819 5135 5925 7740 
32 87 572 1978 
449 591 1562 1884 2719 4026 6136 9510 12508 13443 
48 176 242 397 808 817 1219 1343 1497 1587 1903 2000 2075 2424 2431 2523 3072 3151 4412 4433 5026 5884 9144 9263 10653 11768 13427 13489 13764 13950 14178 15345 15569 15618 15798 16155 16217 16265 16283 16311 16312 
39 41 48 1990 
39 3659 
39 2039 
41 48 65 69 77 464 673 1192 1696 1869 2168 2272 9501 9936 
39 41 96 125 409 418 569 615 1446 1859 2239 2266 2343 2626 2673 2987 3294 4064 4339 5471 
32 38 39 41 48 110 185 285 412 961 2011 2437 2917 3072 3291 3338 3419 3808 10514 
39 436 
39 48 62 661 857 1004 2666 3581 4640 5535 7842 10460 10677 
37 38 39 48 147 1390 2259 2485 10491 10648 12955 12996 
39 1327 
39 1595 2052 7336 16217 
39 201 331 783 2596 2789 3206 3208 4419 5865 5903 14098 15319 
4 39 41 48 65 117 479 885 1242 1859 
39 418 677 704 753 1066 1395 1456 2119 2251 4424 8620 10815 14038 
39 48 623 684 1165 2970 4731 6615 
32 39 806 14098 
49 521 2180 4123 4994 5778 11521 
89 286 
39 48 156 229 488 548 611 640 697 945 1260 1262 3076 
38 39 41 48 89 225 237 249 271 278 310 319 483 522 604 612 798 840 846 1121 1710 1715 1766 2002 2161 2374 2612 2673 3015 3349 3966 4165 4386 4430 5821 5948 6152 
39 48 438 1822 5160 6343 6989 10444 13443 
9 12 38 39 41 48 170 175 4344 14637 15832 
30 32 39 762 924 3855 5628 6307 9585 9641 10170 
38 39 48 209 237 604 861 903 978 1286 1746 2559 2793 2805 5164 
38 39 48 110 217 1820 4358 8736 10899 11278 12036 12957 
37 38 39 41 48 75 846 880 1039 1842 1877 3489 5323 7751 7858 
39 48 86 400 1657 3964 4358 
48 1428 2043 8691 
39 89 1382 1409 2375 3205 3221 5194 5230 5841 5943 6593 8661 
9 39 76 237 489 495 732 885 1551 2638 2644 2982 3577 4883 6832 6833 
32 39 48 687 1152 1160 1393 2259 3276 3877 6082 7540 
467 548 1116 2268 2851 6996 
39 48 258 767 
39 48 10294 
32 39 48 78 783 812 890 2350 2915 
39 48 270 5750 14386 
37 38 351 2737 
35 39 750 1329 3489 4024 15116 15211 15442 15776 
32 39 48 49 310 795 1020 1536 1818 1986 2054 2155 2550 3074 3367 3467 4518 4630 4740 6133 6403 8411 10947 13756 
38 39 438 504 14100 14101 
38 48 286 6127 
39 48 766 1315 3055 3683 5018 5339 6141 7989 
65 2597 11191 12929 
39 48 49 123 772 4358 8152 12182 
32 48 212 1096 1135 1189 1557 1618 1734 1853 1895 2263 2366 2515 3317 3676 3692 4221 4561 5656 
32 38 48 110 164 343 470 592 682 698 2084 2936 3521 3774 4282 4650 5543 
39 41 48 246 2626 
22 38 45 105 209 319 413 535 586 1004 1344 1736 2383 2413 2438 3724 5386 5676 6656 8809 10442 10710 10722 
36 38 39 41 48 766 774 3240 4816 6614 
39 48 117 640 976 1519 4009 6206 11502 11747 13135 14989 
48 3088 4677 5599 9674 
38 39 48 56 340 522 902 1332 1842 3360 5384 12641 13036 13143 13893 
48 101 174 222 290 374 413 831 938 987 1327 2187 2519 2524 3278 3349 4424 10491 10642 13088 14031 
32 161 1834 2878 14804 
38 39 48 390 475 548 675 899 1083 1475 1479 1481 1538 1556 2878 2966 3537 4067 8985 12996 14406 
38 39 41 48 78 105 272 1010 1097 1269 1392 1861 2035 2842 4098 4214 4367 6463 
117 125 147 229 251 338 592 604 766 976 1004 1128 1440 1795 1860 2168 2267 2383 3185 3677 4094 4143 4149 4546 6106 7407 9555 
39 48 270 438 529 4913 
806 
39 170 1037 
32 48 108 310 640 1837 2011 2260 2714 2741 6420 6519 
39 111 189 751 981 1121 1132 1715 2212 2815 3267 3638 3663 4354 4457 4464 4969 5013 5014 
32 38 48 56 4127 4479 7910 10451 16010 
9 38 39 41 48 64 65 110 203 244 249 270 271 412 413 475 548 549 849 991 1327 1393 1603 2107 2420 2492 2550 3404 3761 3867 3978 4295 4964 6530 9263 9823 10893 12731 
39 48 225 338 382 396 649 848 976 1330 1513 2523 2836 3270 4316 4592 4830 5798 8730 10653 11432 11729 13032 13182 13189 15466 
39 41 2238 
101 107 441 449 463 522 548 809 961 1066 1395 1639 2177 2191 2199 2216 3871 4087 5194 7363 11749 14277 14278 
39 80 1527 
39 13334 
39 533 550 793 1249 1854 3294 3795 6868 7127 8405 
38 48 89 153 170 209 1791 13062 
32 39 41 592 649 3467 4532 9606 10470 15385 15612 15832 15879 
32 48 947 3177 
38 39 41 65 89 110 647 769 
38 39 48 49 75 101 161 249 397 475 593 754 790 1352 1454 1533 1534 1986 4543 4739 4740 5080 5373 6120 6173 6607 9845 11318 12508 13059 13061 13203 14098 15033 15406 
39 41 65 215 237 301 405 592 757 963 1729 2364 2476 2967 3024 3294 5566 6486 6630 9527 10424 10541 10551 10604 10939 11046 12277 
11 32 48 65 89 177 338 340 425 463 547 715 761 1001 1082 1161 1357 2080 2364 3039 3345 4648 4779 4872 5051 5497 7245 10792 11813 11937 13132 13300 14117 
39 470 687 798 877 890 969 1014 1600 1868 4588 10605 
39 48 201 374 677 851 1090 1327 1945 2005 2514 2544 3171 6508 7100 10542 12503 
39 48 2297 2319 4257 
30 39 396 492 525 566 692 704 805 1417 1576 2496 4495 4974 5379 5651 5704 5771 5782 6266 
23 39 48 50 520 
39 48 101 242 1763 8691 9568 10984 13266 14098 
15686 
39 41 225 599 749 1146 1714 1715 3186 3616 4004 4107 4402 4718 4897 4988 5080 
38 39 48 147 225 413 1135 1629 2437 3904 5025 8040 10546 14386 
18 39 48 317 420 974 1704 1784 2554 3733 12494 
39 48 78 79 89 175 225 297 1693 2254 2406 4889 8261 
39 48 89 533 914 1113 1115 1146 1239 2184 2430 2436 2510 2561 3270 3660 3668 3682 3896 4111 4630 5645 6585 13413 
39 220 2165 3616 10203 11254 12933 
36 38 39 48 52 432 460 489 576 963 974 1004 1103 1372 2296 2625 2634 2800 3106 3462 5898 6514 10202 10598 
39 592 710 2554 2694 4897 
39 91 798 1056 12201 
39 1214 2017 2475 
39 48 161 
32 48 352 421 468 1715 2186 2266 3840 4107 4580 
32 41 48 71 2350 
41 79 
101 108 649 899 969 1629 1896 3451 3520 3577 4798 4864 6089 7110 8959 9015 13391 14550 
45 48 101 500 577 740 984 1341 1736 3361 3988 4625 4702 4832 6498 6522 11837 
12 32 39 41 48 79 185 475 640 738 847 1089 1233 1281 1543 1872 2254 2800 3462 3616 4148 4245 4429 4504 4661 5194 
39 48 1503 8151 10939 11826 
32 39 48 150 159 225 452 763 1010 1929 2004 2669 5873 9879 
39 41 48 147 237 242 255 475 549 739 909 1043 1670 3569 4235 4236 
39 48 89 264 501 1545 4221 6255 12164 12174 12353 
32 39 41 48 89 779 3464 4305 10828 10966 12732 
39 48 60 147 820 969 1786 1938 2357 2550 2588 13328 14126 
39 379 1930 2877 4407 4448 13504 15044 15112 
64 243 423 489 770 2527 2635 2785 2855 3125 3844 4239 5538 7004 9265 10442 10446 13145 
38 39 55 792 2955 6998 
30 31 39 48 237 267 628 641 806 944 976 1035 1146 1362 1654 2046 2284 2785 3803 4221 4464 6697 7687 8031 12621 13032 13816 
39 475 479 812 4421 11754 
77 156 620 3494 3529 4824 
1235 2876 11499 11747 
39 48 127 147 310 338 347 384 413 423 1404 2932 3835 3978 7048 9061 11114 12964 13149 
39 89 186 543 648 649 650 651 652 653 654 
271 2631 8446 
856 5212 
39 48 398 415 488 640 911 1355 2075 2238 2469 4070 5405 5728 10710 
10 38 39 55 406 1704 1744 2720 2842 4198 
39 41 48 1198 1534 1783 2783 3242 3576 5962 6095 7066 
39 48 60 793 1860 2110 5466 8691 
39 41 48 544 583 855 1012 1327 1435 1616 2167 2268 2624 6046 10445 10446 
39 48 195 244 278 555 764 902 905 976 1545 1880 2002 2166 3515 4134 5489 5668 6308 10446 10515 10598 12453 12454 12455 
32 41 179 405 1004 1874 2117 2431 2712 2990 2994 5351 10484 10515 10731 10733 14881 
38 39 41 48 240 270 271 301 359 504 749 1715 2238 2847 3966 4097 5972 
39 599 1884 4121 5152 
1281 1878 2870 15678 
38 39 48 101 390 392 2399 2523 2920 3609 14809 
39 48 
31 1673 
11 32 39 41 48 54 347 604 739 913 916 1429 1593 1669 2111 2649 4245 4269 4606 4607 4699 5651 10187 
39 48 147 527 856 1442 2191 2229 2281 2434 2729 4143 4940 5962 
39 41 48 186 249 677 3086 3101 4945 6128 6582 15578 
39 14099 15094 
32 39 48 259 396 913 1015 1183 1444 1731 1814 2238 2264 2631 3532 4294 4705 5051 5377 6403 10481 12512 13084 
39 41 2238 5999 
39 41 48 164 386 416 495 824 1905 2015 2060 2958 3185 4360 6913 10524 11111 
39 48 83 
52 10506 12970 
9 18 32 39 8691 
32 39 41 48 60 940 2222 2238 
38 117 123 170 340 550 976 1309 1876 2026 2027 2028 2029 2030 2031 2032 2033 2034 
65 275 1590 
39 147 1004 2867 5531 9569 10904 14171 
197 926 1095 1293 2338 3538 4920 4974 5782 6509 
32 39 48 9295 
39 1261 1578 2111 11840 15832 
39 48 532 673 2286 2343 
39 48 60 103 147 438 
38 39 48 105 2064 
39 916 12925 
41 3368 3465 3825 
769 
48 60 589 768 4890 5059 
5 39 339 350 418 426 576 589 1456 1460 1461 2208 3006 3270 3590 3775 5113 7240 7664 8014 9501 9649 
39 48 168 704 1012 3864 6334 
39 40 234 270 499 2486 4386 4642 5642 10513 13189 
37 38 
31 32 48 909 1973 2426 2815 3071 3799 4220 7284 
130 4267 9045 
48 246 251 399 423 449 652 817 942 1144 1562 2210 2876 2989 3132 3724 4164 7068 10984 
38 39 48 64 78 89 110 310 365 697 2214 3276 5228 10480 10533 10758 12874 13143 
2141 2669 3615 9332 10476 
38 170 310 740 
36 38 39 41 48 103 220 237 352 757 1417 2199 2450 2661 2793 3782 3966 3967 3968 3969 3970 3971 
48 164 165 583 682 684 5081 5232 5646 11175 11608 
39 593 1034 1081 1158 1430 3270 4911 15618 
39 
32 48 1135 3032 3616 6598 7378 8203 10513 12951 
39 41 48 62 225 270 271 569 831 1657 1736 2269 2678 3462 4561 4805 5272 7208 
31 48 89 405 1103 1417 1538 1771 2749 2843 2940 3136 4011 4386 4556 6494 10551 10764 12277 12925 13041 14040 15578 15599 
39 48 438 1393 
39 48 101 345 413 445 604 677 1537 1585 1602 1996 2113 4310 7961 12361 12951 13328 13341 13615 14120 
38 39 48 170 706 800 3006 6602 
189 1198 1327 
32 14098 
39 309 610 611 903 1012 1080 1380 4841 12677 
39 48 79 136 167 664 674 682 683 1308 1517 2140 2440 2596 2599 2891 4227 4424 5948 6672 9235 12935 13150 13345 
39 676 1603 3095 
32 334 767 15045 
10 39 48 16257 
32 39 48 189 516 533 737 1087 1513 1809 2199 2220 2290 2633 4140 
32 38 429 785 1727 2129 3552 
646 1822 5856 12921 12952 
71 606 12153 
48 82 271 650 1872 4430 
39 48 646 1173 2633 6895 7416 8674 8985 
39 1158 1489 1942 12981 
442 4499 5469 6090 8990 
32 39 16010 16011 
39 
32 39 41 48 789 1489 3061 3504 4265 
15618 
2 32 38 389 2254 4306 
39 225 5440 
9 31 82 185 426 704 766 922 1415 1503 1808 2184 2855 3027 10515 10551 13017 13334 14098 15988 16010 
38 39 41 48 65 110 147 225 727 2222 10059 
237 2065 2294 3148 3459 4096 4605 
32 39 48 169 308 309 333 392 576 857 1269 1565 1659 1971 2080 2465 3072 3215 3295 3917 8035 10393 
41 326 337 1417 2990 3218 3313 
589 1062 5764 10487 
39 48 338 2920 3240 4540 
65 161 164 452 518 696 699 930 1534 2384 2408 2767 3006 4127 5548 6602 7191 9613 12621 15239 15240 15244 15282 
32 38 39 41 48 371 1046 1286 3281 6803 8691 8945 9058 
39 48 237 301 
32 39 89 237 8411 
155 272 438 1257 1444 1616 2164 2525 3186 9177 9569 
39 
32 415 704 740 807 878 1598 2573 3447 5047 
32 41 161 1001 4756 
39 
38 39 371 15094 
39 48 660 8986 10125 
31 38 56 249 746 1144 1588 3462 
32 38 47 664 1067 1536 2011 3314 3369 3915 5685 10653 12842 12925 13061 13064 13609 
11 147 1246 1250 11266 12929 15891 16217 16317 
32 44 65 407 592 783 878 6386 
39 1829 2625 5728 5729 6494 8730 10481 
39 
39 128 206 261 323 535 604 956 1012 1425 1595 2235 2607 3184 4169 4482 5368 6005 
39 232 317 2921 9586 
38 39 40 48 89 117 286 573 664 709 793 989 2169 2212 4093 4472 8148 8365 9171 10214 10429 10447 10451 10583 10683 12032 
39 104 186 3180 4886 10370 14926 
39 48 
32 38 39 47 48 785 1956 5351 
39 334 551 1600 10555 12604 12607 
38 39 41 48 65 71 89 97 170 212 235 242 261 533 2375 2531 2669 3012 10451 11368 12925 12946 13662 15492 16010 16011 
64 147 715 738 1557 1677 1882 3633 3635 4037 10105 10125 10233 
36 38 170 413 1652 15018 
39 48 913 1616 1701 2161 3313 4753 5282 6190 10423 10568 12925 13753 15832 
38 39 58 260 418 582 947 1188 3236 7068 8028 10564 11255 12812 14471 
497 
32 39 3431 3702 6536 6789 8519 9662 
39 41 48 246 927 1344 1461 2436 3925 5767 7800 8913 
41 48 147 246 1629 3968 4513 
19 39 48 123 
48 798 1360 1986 2046 4159 10656 
32 41 563 610 1789 2343 2521 2942 3314 4076 4966 5452 5562 7282 7323 8094 
396 1476 1757 2430 5531 7112 10453 
38 65 3005 13726 
103 175 842 1355 2991 3641 
2 237 338 379 1842 4774 7176 13184 13189 
32 38 39 170 647 1034 1945 9474 
19 39 41 48 89 479 703 789 803 1425 1563 1845 2464 2532 3270 4303 
449 563 2469 2512 4318 6405 10683 13420 
41 48 341 405 413 549 892 1594 1654 2080 2788 3229 3573 3799 4201 4227 5074 10498 13197 13625 14549 15017 
1748 2784 8274 
662 3487 9386 12925 
1 32 39 65 766 2152 3414 4381 15083 
31 32 39 48 418 704 1569 1709 1837 1903 2168 2537 2634 3125 3294 3579 4176 5315 6869 7602 7718 10739 
39 3271 4694 5863 7910 9169 
39 743 744 1214 1332 1344 1966 2383 2751 3259 3709 4720 5102 5642 5730 10210 11986 12060 
2229 2450 12469 13115 13242 13786 15289 
32 381 
38 110 885 
39 41 48 150 379 1659 1765 2080 2729 2794 2854 4209 4494 4595 4610 4730 4804 5025 6078 6355 8884 
48 714 2523 
39 41 6689 
39 48 438 
39 680 1066 5825 
89 147 315 548 715 755 798 1265 2988 4057 6738 10515 10821 15791 
23 39 255 4793 5467 8306 13032 
39 48 156 179 280 1062 1096 1333 1537 1578 1638 2113 2599 8898 15273 
39 48 1313 1393 1999 2118 2464 2785 2983 3748 4221 5161 6218 7495 13557 
10 587 708 807 1393 1602 2046 2596 4479 7975 9141 11832 12473 
1409 2188 7146 14953 15172 15618 15642 
39 237 10653 
39 48 103 271 660 4906 5248 9456 
38 47 795 1818 1819 3311 
23 39 48 398 777 1072 1345 1739 2405 2519 2879 3783 4967 5992 7714 8891 10439 10653 10705 11736 12328 12693 13443 
5 88 664 1466 2597 
9 19 32 48 
38 39 48 170 225 4163 8566 11660 11672 
39 48 82 382 1066 1135 2276 2319 2394 4187 7396 10555 12925 13602 
352 1715 2916 3028 4107 
45 235 236 674 680 788 865 1784 1951 2170 2468 2486 2528 3616 4800 5651 6603 6793 8985 10074 12959 15200 
48 1085 2634 5023 11496 11840 12097 
36 38 39 40 41 110 1867 2371 4557 
32 41 2154 2423 2815 4589 
32 39 41 48 89 639 3315 
48 740 1045 13174 
39 48 340 449 479 2701 6176 8840 8982 
32 39 48 229 255 433 438 454 500 548 622 809 1082 1139 1291 1670 3388 3486 3917 4146 6166 8155 13300 14531 14585 14618 
14769 14770 
2 39 45 235 279 570 781 1209 1479 1682 2284 2468 2486 6202 6602 6793 10794 13459 
38 39 110 225 271 3952 9501 10791 
32 38 39 41 48 60 110 216 285 447 1222 2437 3405 3808 4454 10420 10490 13041 13192 13291 14997 
36 38 48 95 270 1590 1837 2238 2760 2834 3078 5700 14784 15571 
100 740 980 1078 1658 1915 2394 3425 4595 4883 5630 6585 7182 8479 12925 12954 14098 15621 15869 
41 334 
38 39 48 170 389 
1277 1794 5040 13341 
30 161 163 2333 15618 
38 39 170 351 3904 
32 338 664 2771 
32 39 262 806 1026 4166 6377 8679 
39 60 65 265 368 1688 2552 
41 48 2056 9682 
39 243 1294 
39 48 94 159 249 310 594 829 1003 1283 1394 1448 1693 2464 2550 2574 2625 2634 5605 5740 6151 7646 12952 
1265 1771 13041 
45 48 647 1000 1034 10605 
39 185 643 1124 1132 1715 1809 3966 3992 4198 
18 39 48 319 338 413 677 766 947 1004 2469 2900 7592 12521 14652 
31 48 175 258 261 488 718 813 861 914 1004 1066 1238 1355 1619 1805 2059 2180 3171 3799 5818 8162 8434 9150 10442 11858 12841 16430 16431 
39 48 89 811 812 
39 41 48 959 2843 3052 4556 4801 
93 185 536 830 1021 1138 1286 1858 2266 2425 2607 3756 3914 4064 4184 5106 5860 6722 6723 6724 6725 
18 32 36 38 39 65 535 1027 1141 1831 1951 2701 2820 3742 4277 
41 53 189 251 956 1049 1146 1209 1393 1939 2767 4698 7454 
39 129 415 522 989 1704 3034 3278 3569 13524 14926 15838 16010 16011 16013 
39 48 65 89 909 1783 2177 8874 8888 11402 13625 
39 48 264 532 963 1286 1833 2855 2958 6602 9668 10491 13699 13987 
62 438 554 3276 
39 185 604 2973 3270 5569 10783 11075 11629 11649 
17 38 39 89 351 1433 1529 2113 
18 39 48 53 59 297 591 677 1486 1593 3502 6449 9046 
4165 
38 39 390 13259 
38 39 170 
237 649 666 1185 2635 3127 3612 10498 10499 
39 41 48 792 1296 1650 2168 2313 10691 16217 
10 39 48 65 78 123 1129 1412 1693 2388 2635 4836 5117 6725 9031 9854 10079 12352 14495 
27 39 222 228 270 690 816 1355 1815 2065 3291 4516 
39 48 79 432 475 581 734 1425 1491 2838 8155 8317 11462 11560 
38 39 98 169 220 281 384 536 586 3668 4516 8887 
39 48 753 1962 
89 201 1764 1976 
48 
39 41 48 272 315 1004 1214 2186 
39 48 
32 48 65 272 440 452 652 887 1282 1333 1361 1493 3871 5124 5539 9879 10804 10980 12925 12996 13543 13567 14612 
896 5342 6132 
38 39 49 6387 
264 766 1878 2417 10573 14098 16010 
32 41 48 264 639 2374 2856 3419 
32 39 147 175 189 520 681 715 1355 1395 1600 1714 1897 2051 2712 6526 
39 48 64 225 310 413 549 1053 1172 1280 1315 1872 1971 2011 2329 2437 2628 2850 3174 3214 3245 3370 3784 3878 5651 6128 6810 7421 10691 10863 12388 12933 12963 
38 39 48 286 949 950 951 952 
39 48 89 195 201 438 555 592 976 1545 1768 2633 4973 5668 6308 6492 7437 8313 9778 11020 
32 48 589 2046 2617 4125 6587 10939 11794 
38 39 371 1104 1327 1814 
326 420 3279 3477 14019 
32 39 48 279 1772 3214 4336 10598 11110 12929 
32 39 48 78 89 136 310 423 605 704 960 2297 2552 4665 5244 7652 10087 10444 10902 14065 
38 56 9705 
39 1277 11491 15650 
1022 
38 39 79 262 824 1098 1104 1135 1188 1975 2276 2574 2697 3345 4468 5605 5615 12677 
38 39 41 48 79 170 1468 3273 5474 
41 92 535 558 1016 1017 1393 1853 2124 2327 4189 4336 4829 4908 4969 5935 
23 39 237 641 1558 2633 5248 11105 
41 48 62 290 338 424 861 2103 3171 4444 4988 12693 15442 15832 
23 48 9024 
438 1435 2894 3332 
0 23 32 41 101 533 783 2348 2353 2716 3522 3799 4021 4372 4580 5574 5809 6363 6426 6428 7131 7457 8037 8355 8422 9775 9776 9777 9778 
39 41 48 
39 48 167 683 698 903 979 1814 3047 3349 3535 4698 4744 5661 11609 12308 12469 
48 11093 14098 14247 
10 19 48 101 755 772 1081 1144 1598 1688 2026 2124 2168 2423 2468 2552 2830 2843 6276 7867 11009 11276 13060 
32 39 48 79 89 258 544 706 1417 1619 1677 2056 2202 2800 3221 3971 5158 10451 14357 
39 41 48 478 749 801 1144 2130 2173 2775 3254 3259 3963 4283 4484 4913 
32 39 60 200 1124 2168 2754 3409 3611 4801 4974 5112 5194 5230 5775 6266 
39 
37 38 39 48 78 147 570 918 1872 2091 2118 2648 3361 4098 6602 12935 14856 14938 
48 156 789 1121 1776 2919 3598 4404 
38 39 41 48 55 89 681 1332 1529 1868 3178 3877 4833 7540 8043 12469 
9 48 52 596 598 740 769 1034 1806 2608 3077 4709 6419 
327 438 716 
39 80 475 4307 13598 14933 15436 
581 984 1016 2893 3279 3633 5403 6583 10674 13714 
48 60 110 229 243 340 392 1191 1280 2306 5405 6508 14006 14019 
32 38 105 123 178 1046 2440 3577 6825 6932 11588 12718 12967 13112 13536 
32 39 101 413 591 1014 1579 2997 3270 3292 4145 6630 7355 7649 10995 12146 13662 14098 14411 14442 
39 48 2399 3082 3086 14605 
62 65 117 968 978 1578 2081 3321 4976 5328 6224 8014 10448 
39 237 310 479 888 3318 4292 6785 
596 793 2168 
38 39 41 48 79 229 270 281 432 522 592 790 1027 1081 1297 2053 2238 3157 4164 8289 
39 41 48 270 271 8978 9014 
38 209 286 10095 10115 10164 10170 10183 
39 48 1352 2328 
32 1689 5466 11107 
432 855 1435 2465 3059 4567 5025 5502 5805 
48 88 445 591 874 947 1309 1310 1683 2536 2607 3293 4051 
39 1012 2015 4162 4319 10541 
32 38 39 41 48 49 110 123 179 536 604 612 766 846 969 1327 1615 2215 2326 2393 2640 2830 3693 3735 4232 4572 4719 5232 6283 7109 7194 
32 38 39 41 48 85 101 105 340 522 544 1439 1679 1702 1704 1708 1991 2122 2184 2421 3246 4049 4207 4230 4494 4585 5143 5169 5830 6112 13840 14112 
39 
38 39 56 2259 
39 41 565 1595 
38 110 
10238 13416 
19 48 203 947 2199 2561 2951 5820 
39 2130 4272 4719 4964 
38 39 170 12951 
38 39 49 170 907 
32 5204 
32 39 41 48 89 261 533 659 783 1168 1235 1318 1327 3012 4650 6979 7363 7441 8945 
39 225 261 1062 1981 2977 3294 4864 12959 
32 41 48 1126 1327 2726 2987 3313 3505 5967 10571 
38 41 48 371 593 723 751 1593 1641 1677 1956 2376 2617 5440 
39 48 10469 
32 2116 8343 
38 39 48 55 270 281 672 1404 1638 2215 3772 14643 
16 39 41 156 159 297 544 2469 10692 
32 38 39 48 310 334 488 880 1161 1188 1727 2519 2560 2894 3085 5857 8289 10818 13062 13825 
39 48 6607 
647 1081 1833 2620 3801 5215 5268 
9 26 39 48 338 497 500 558 947 1476 1602 1704 2168 2413 2689 2820 4524 4658 5490 5814 9651 10444 10656 
39 41 48 402 1877 2749 
31 32 39 264 956 1362 3912 10815 
32 39 48 271 649 3894 
365 438 4975 5910 9245 10551 10730 12795 
94 123 1540 1609 1805 4420 5151 6256 9510 
38 41 48 59 110 370 544 2431 3512 4411 6696 8985 12578 12585 12772 
39 41 260 956 1081 1327 1360 
39 7715 
32 39 441 651 740 911 926 1025 2052 2623 3011 3505 10184 10420 10535 10753 12572 
36 38 39 41 60 89 571 704 744 1075 1121 1439 1704 1708 1909 1918 1935 2212 2992 3094 5042 
48 78 226 405 672 673 1082 1083 1956 2241 5317 5712 8068 8179 10515 10568 11630 
39 101 485 921 1327 1938 2225 2540 4336 4358 7743 11615 13227 13359 13443 14933 15119 
36 38 5585 
32 271 636 1020 2238 
39 41 1421 15618 
39 48 62 89 117 438 
39 41 48 751 3742 7646 13277 
48 201 479 499 1409 1486 1609 1987 2123 3402 3535 4265 4710 5525 7859 12283 14933 15345 15815 15879 16196 
39 48 65 994 4009 10448 14099 
32 48 211 274 278 432 475 941 1229 2297 2599 3504 
12 32 82 185 1972 2133 2473 3060 11491 
592 
39 48 155 1327 1600 2167 2831 10419 12715 13066 
38 39 48 89 170 237 261 438 1658 2099 2384 3805 3857 4034 5164 7321 11768 12491 12763 15252 15261 
39 41 312 313 561 740 1154 
4243 
39 65 169 352 878 1023 1196 3136 3240 5069 5086 5849 8126 8251 
32 714 
39 48 488 651 1393 2441 2958 3155 3553 5557 10908 13376 
36 38 76 499 938 1002 1003 1814 3926 5073 5152 10515 12185 14824 15232 15431 
39 41 71 740 843 896 954 1264 1581 1685 1686 1737 1775 2069 2304 2980 3080 3451 3527 3799 4695 4996 5055 5060 5149 5348 5640 5671 5865 6140 6356 6975 7010 7196 7207 7690 7706 9193 9441 9812 10426 11041 11277 11397 11659 
48 262 5207 
39 
407 490 751 1031 2061 2135 2283 2573 4832 5968 8155 13543 13615 14703 14804 
65 310 333 334 1983 2167 2383 2733 3768 6577 10446 11098 
39 48 1043 2129 4030 4530 5091 10879 
39 48 621 855 978 2026 2208 2492 6276 
32 48 78 256 425 
32 39 48 407 438 453 675 879 979 1061 1103 2274 2629 2949 3047 3460 3635 4307 4318 6405 8168 11114 
39 48 258 272 338 458 475 486 1537 5116 10453 12630 
39 48 186 272 1345 1433 2931 3668 5439 
65 128 246 301 500 535 544 558 730 809 913 916 983 984 985 987 993 1000 1005 1082 1332 1468 1773 2107 2327 2523 2664 2854 3194 3335 3577 3851 4056 4112 4524 5510 5835 8068 8867 9703 10184 10474 13015 14832 
32 39 41 48 147 291 1275 2053 3404 10434 12680 
48 570 753 838 1313 1653 5633 
32 48 696 699 10442 11633 
39 150 264 1407 2446 4297 4595 6712 
39 48 79 250 703 1197 1327 3122 
39 48 79 255 322 337 341 488 842 941 1081 1090 1141 1430 1932 1973 2214 2406 2524 2635 2702 2879 3404 4211 4419 4760 5446 6125 6858 7336 10420 10446 10490 10525 11075 
38 39 110 653 
48 225 485 488 1030 1440 1752 1821 2181 10661 10668 
39 48 653 3493 5144 
38 48 55 405 911 1592 2150 4064 4990 5091 10515 10551 10579 10607 14386 
39 41 225 242 432 438 1340 1410 1591 1629 4720 4901 5150 5729 7610 8299 11867 
32 38 41 281 15832 
32 78 1046 1455 
48 344 584 2819 4244 5595 5953 10818 14622 14944 
39 41 48 427 548 2420 
48 2702 3782 5001 10442 
808 2820 3756 7190 7364 
2620 3644 7451 10125 
23 39 41 48 78 405 927 2389 3297 7107 7472 10515 
38 110 
31 32 39 48 123 310 500 570 772 913 1229 1619 1859 2626 9569 9620 10128 10170 
39 48 103 256 511 915 10420 12925 
38 170 278 493 628 677 1210 1481 1714 4134 4146 8075 13210 13739 
39 41 522 722 1425 5570 7114 
856 3092 4358 7267 
89 1191 4318 5593 7996 
53 225 1020 1043 1637 1824 2105 2323 3006 3291 4141 10511 12981 
39 48 865 
48 175 413 2402 13041 13943 
32 45 217 2321 
451 763 1324 11161 11318 
