36 38 39 389 740 3223 3510 4480 5937 
39 
48 59 149 262 1239 2815 12963 
38 39 48 110 255 
15 251 261 380 383 398 406 492 522 1067 1197 1257 2187 2571 2572 2573 2574 2575 
120 
32 328 4237 11154 
39 117 438 626 2091 2471 2837 4105 14478 
39 334 856 1393 3973 8423 13153 
39 48 448 502 603 3633 8366 10114 
32 38 41 48 64 105 364 910 956 2260 2273 2674 10943 11041 
39 41 48 76 340 488 1642 2239 3142 
32 37 38 39 45 89 101 297 571 649 1160 2388 2469 2574 4105 
38 39 40 48 170 222 242 1264 2394 5998 
156 697 1629 2383 2997 4336 14006 15832 
39 79 225 310 976 4539 
32 62 209 391 413 753 774 824 861 887 1425 1989 4289 4397 
19 39 48 156 225 856 1805 1866 2051 2241 3903 5127 7427 
32 39 652 831 1594 2241 3877 6082 7540 8343 12925 
32 65 549 610 611 911 961 1036 2667 2782 3072 3136 3845 4070 6193 9387 9407 10111 10185 10188 10228 10231 
39 96 208 319 393 500 947 5233 8317 12491 
32 37 38 39 48 718 757 814 2364 2620 
32 798 1146 2987 3636 4801 13446 14099 15798 16010 16011 
32 48 947 3177 
39 41 570 681 723 1996 3867 
39 48 270 271 389 401 527 581 1991 2875 3279 3951 4226 9501 10453 13662 
38 286 
703 
32 39 48 352 357 447 591 684 696 865 1534 2072 2958 3441 3684 3868 4457 5190 5339 6350 6638 8620 8645 
39 813 8218 
38 39 48 51 53 281 475 536 623 956 1595 1910 2208 2233 2673 3119 3642 4326 4923 
41 846 1290 2915 
39 48 65 250 570 651 703 907 1001 1014 1067 1172 2051 2538 6251 15410 
39 48 664 4524 5850 9925 
39 48 65 107 179 229 493 533 548 640 704 827 945 1024 1216 1570 1897 2011 2734 3759 4883 4990 6099 9702 9843 
39 59 101 662 783 837 1004 1393 2281 7122 10579 12945 13017 13182 14666 14949 15251 15252 
32 38 47 
39 48 91 237 413 513 979 1393 1495 1847 1874 2629 3412 3827 4048 7266 9617 11368 11580 
39 48 107 136 12804 13041 
39 48 155 195 536 783 1683 2167 2524 2870 3319 9394 
38 48 110 10759 
19 39 41 48 65 320 464 565 581 856 959 2111 2823 4891 9879 12959 15832 
39 433 730 824 926 4402 13062 13536 
32 38 286 525 855 4057 
39 48 84 367 856 1345 4362 5164 
39 725 1463 1822 10781 
204 350 594 710 1899 12254 
18 39 48 177 1209 2051 2878 4360 10796 13113 
38 39 48 264 570 790 1783 1986 3685 3721 5137 5295 7758 9555 9641 9642 
48 1729 2870 7252 11191 11834 
50 350 426 626 860 1407 1408 1634 1803 1843 2603 2698 4017 4077 4444 4963 5076 5348 6421 6607 6770 7701 7827 8160 8258 8321 9109 10125 10253 10587 10719 11399 11524 11794 12008 12292 12350 12401 12512 12609 12610 
39 48 1425 
39 48 1327 2725 4256 11213 
39 48 1082 3758 4284 4779 12949 14015 
39 1922 4832 
10656 16269 
39 48 89 267 623 1103 1741 2065 2284 2505 3759 3964 11780 15578 16045 16217 
32 36 38 39 48 170 264 660 960 1576 2059 2110 2252 2364 2869 2879 3720 4070 4162 4164 6443 12943 14804 
39 41 1638 1692 1704 3042 3581 
730 1239 9501 11836 13176 
39 348 856 1121 
39 65 413 
36 38 48 2351 
39 65 257 419 827 
39 48 60 3043 
38 39 41 43 48 170 420 438 522 589 2290 4007 
48 298 456 578 791 2734 13253 
432 
79 260 416 509 1698 2429 2515 2610 3083 4115 4452 4624 
38 39 258 286 789 799 809 885 1619 2319 2469 2568 2810 2855 2983 4990 10422 10818 12952 
32 39 48 270 310 3034 3272 4010 5152 6251 
48 432 449 479 591 2621 7975 8978 9004 9012 
38 39 48 371 
39 65 161 396 1357 1937 6529 7403 10491 10722 10752 
32 39 2811 
1054 2046 
39 597 3569 6793 
38 39 41 48 78 105 490 576 865 878 2238 4698 7510 8932 9618 
7581 
48 147 4524 11605 
32 48 710 6112 6748 13443 15142 
39 41 48 148 1349 4675 8590 
65 1677 13024 
23 39 41 328 696 981 1984 2323 2668 3021 3074 3688 3689 3966 4360 4734 4735 5334 6031 7525 
32 38 39 48 161 405 427 681 1081 1821 1831 2046 2084 2344 5326 6483 8620 11884 
39 48 259 347 415 485 720 944 1551 1822 2785 3154 3307 3404 3935 4552 6011 6961 9703 9887 10444 10470 12657 12951 13056 13341 14568 14608 14933 15217 15339 16319 
39 48 156 248 258 766 798 1215 1503 1602 1784 2383 2895 3271 10506 13786 
36 38 11039 
101 175 225 232 270 271 320 798 806 1026 1158 1353 1796 2171 2325 2987 3510 3772 6307 10442 11133 12568 12982 15054 
101 361 415 420 522 708 766 1180 1417 1822 2233 2702 2830 2856 3270 3333 3487 3855 4872 5160 5593 5693 5895 6614 6682 8576 9646 12304 12932 13328 14641 14649 14712 
39 48 89 176 1704 2814 2856 3410 3456 4126 5771 6437 10792 13041 14570 14574 14638 
7 39 48 225 258 389 405 475 649 783 806 926 1268 1597 2449 4546 6353 9773 10268 10515 
39 48 649 2399 2559 2623 2874 4209 4339 10696 13041 
48 49 69 82 488 830 1337 1459 1930 1987 2341 2543 2785 4267 4270 4317 4871 5105 5351 5968 6383 10525 12935 14019 
39 41 48 1066 15832 
38 371 1557 6068 
32 39 48 5530 
39 48 123 264 278 409 960 1450 2473 2569 2963 2998 3742 4207 4466 4981 5034 5346 6356 6929 7100 10420 10448 10525 13112 13588 
32 38 39 48 103 110 157 159 3185 3202 3514 4286 7556 10809 
38 39 48 170 251 1652 2477 2519 2622 3061 3177 3746 5620 9150 10653 11512 13008 13189 13420 14029 
39 350 856 1456 1504 2723 4570 
38 1727 7315 7517 14362 
3361 6128 7057 11252 11401 12909 12929 13093 15959 
48 2351 2523 
32 39 48 101 244 426 479 677 1160 1655 4267 5817 6497 10128 12951 13334 
505 924 3119 3879 15832 15927 
39 374 13062 13437 
39 269 425 677 860 1016 1494 1702 1807 1864 1865 2662 2675 2687 4854 6738 8235 10481 12854 12981 13060 
38 110 199 237 286 478 3043 5771 9000 9666 
39 48 15365 
48 76 80 237 405 421 533 1435 4307 10653 
39 48 62 478 623 1121 1327 2199 2300 4395 6215 
9 39 81 783 1753 3148 3442 6748 
11 38 281 325 866 878 1498 2034 5954 5997 8005 
783 898 1693 10476 
9 32 48 255 270 301 364 391 414 989 1020 1396 1782 1784 1791 1812 1814 1815 2084 2212 2528 2552 2960 3135 3260 4360 4554 4705 4786 7068 8592 10487 10797 12487 12488 12569 
11 32 48 77 107 179 418 548 720 961 1683 2030 2935 3236 3299 3942 6587 6905 
39 48 757 1173 
398 501 740 1225 1434 1897 5436 
32 48 151 345 979 2286 3816 4488 6046 6635 9708 14609 15376 15618 16254 16430 16441 
185 222 407 426 546 548 611 728 961 1309 1327 1738 1938 1973 2440 2919 2984 3161 3282 3368 3451 3609 3873 4148 4249 4561 5256 6089 7447 7975 8418 
23 38 39 48 110 420 3551 7941 10424 10449 11747 
32 38 47 48 812 1163 1676 2169 2351 2649 3095 3175 3635 3772 4215 4900 5503 5982 6453 6713 7913 
48 89 384 5778 
38 110 225 475 4899 4913 7646 
161 807 835 1984 13049 
38 39 48 66 76 260 286 516 699 1153 1384 3402 3759 5961 11135 12842 13458 15345 
39 48 
48 574 589 597 664 1196 7190 10447 
48 89 208 576 589 647 769 939 1034 6803 
39 41 5204 
1715 3026 5843 6854 11058 12932 14339 
9579 10106 14089 14168 
32 38 48 49 76 133 147 170 225 379 591 740 790 1696 1930 2938 2958 3320 3709 5038 5859 6940 11467 13062 15051 
32 242 342 597 1285 13524 
128 535 947 1482 1600 1619 1968 2199 2329 4472 6508 
39 45 101 175 178 225 762 806 1847 2015 2550 3708 4105 10796 12981 
32 39 48 
38 39 110 1146 1619 8794 13443 15265 
39 48 80 201 265 405 586 708 783 976 1019 1079 1269 1313 1425 2022 2279 2356 2399 2420 2607 4257 4316 5617 6270 8148 10202 10420 10598 13246 14643 
89 
38 39 48 55 123 225 1964 2224 
39 41 53 123 310 769 1034 1393 1550 1644 2164 2535 3272 4054 5917 9170 9418 
9 213 263 565 956 1291 2117 2674 2850 3409 3465 6827 7068 10451 12887 15832 
32 39 48 255 6354 10635 13043 
39 48 79 390 1929 2122 2998 3804 3871 7585 12981 
32 39 41 48 65 301 438 830 3466 3965 5124 9498 9765 9948 
32 39 147 3255 4344 5210 11104 11254 11296 12862 12959 13041 15590 
32 48 49 65 512 824 912 1144 1866 1895 2398 2611 3805 3993 3994 3995 4148 4800 4928 5296 8014 9421 10454 11970 12180 13758 15067 
39 41 48 1402 1783 2822 2843 2876 4940 5049 7062 7513 
161 234 681 1632 4385 
39 48 65 83 201 225 408 1344 3070 3462 4493 7975 
39 48 1787 
48 384 441 1008 1084 1739 2329 4921 5768 7938 7941 13043 15601 
38 39 41 55 347 374 405 492 504 727 1204 1228 1357 1886 2737 2977 4144 12889 13189 
39 48 227 548 806 15659 
32 39 41 48 159 225 548 976 1611 2074 2555 2786 2988 5328 6717 8834 10446 10525 
39 41 1934 2726 4297 5323 9260 
5301 
39 260 4524 
39 48 89 337 583 740 1962 2283 3488 
270 271 396 1075 1350 1562 1615 2080 4145 5257 10943 14120 
39 48 490 532 563 622 740 772 3025 4070 5811 6006 6349 6787 7147 12946 13067 
36 38 
65 185 377 396 736 1958 3099 3270 3333 3938 5490 5982 8151 10474 12982 15077 
26 38 39 56 123 276 587 772 947 1517 1770 1771 1772 1773 1774 1775 
37 38 39 41 48 147 170 310 416 529 808 1052 1327 1931 2147 2240 3312 4396 5405 10611 
38 39 41 48 93 225 286 352 555 761 1327 1568 2137 2141 2266 2656 2789 3307 3531 3616 5007 5470 6090 6936 
39 48 94 225 234 237 903 2468 5353 
39 237 429 882 3552 
48 255 857 1388 1430 2141 2894 3106 4488 5134 
32 39 48 89 2358 6117 8374 
39 48 269 305 533 535 604 646 719 832 903 1024 1039 1210 1327 1390 1428 1445 1729 1956 2889 3075 3256 3258 3502 4272 4479 5323 7009 10824 10879 11378 11379 
39 
11 32 39 62 101 123 191 396 715 1805 1973 2027 3071 4766 4799 9823 11397 11636 12985 
60 387 525 1082 1738 1772 1840 1959 2051 2129 6360 10440 10441 10481 12946 13122 
533 664 666 1373 1659 3012 4499 5461 6964 
39 89 258 454 522 1233 1628 2239 2325 2356 2597 3177 3392 4004 5172 5279 5328 6953 7186 9719 10147 
32 39 41 48 94 101 475 549 729 730 921 8691 13189 
334 983 3317 
408 651 1616 2817 9001 10423 15832 
39 89 623 760 3539 9501 9547 
39 48 148 865 1116 1327 2516 3799 3892 5074 6989 7131 9010 
2321 
38 39 48 170 225 270 271 379 3186 3593 4131 4485 5750 
438 880 1990 4547 5874 7676 8291 
37 38 39 48 89 1417 1481 1619 3774 4570 
32 38 39 41 48 78 170 179 185 277 319 320 592 797 837 877 880 1046 1104 1153 1154 1489 1591 1804 1868 1978 2154 2574 2975 3827 4048 4270 4374 4833 5102 6082 6182 10623 10656 10803 11679 13048 13068 13122 
32 39 41 48 65 89 541 1196 1594 2056 2788 3101 5943 9166 9540 9642 
32 39 93 4203 4676 
38 39 41 48 105 179 249 286 467 570 1120 2231 3499 3772 5051 5243 6095 8435 10600 11584 
38 39 170 225 270 475 730 2518 11009 
30 39 45 990 1403 2094 2157 2700 2776 3135 3688 3689 4277 4304 4847 4921 5905 6717 7611 9699 
38 39 41 48 2199 4418 
48 65 179 229 272 388 650 1340 1557 1714 4207 4685 6136 7594 9579 12671 
39 103 1824 2233 2998 3759 
38 39 48 286 979 4048 12616 
39 48 2639 
39 161 179 255 344 374 503 548 571 610 885 921 1020 1239 1315 1564 1611 2241 3133 3690 3715 4070 4583 5767 10074 13210 13739 
41 271 956 1615 3855 
39 48 270 16156 
65 206 209 464 878 910 911 956 1600 2208 2241 2376 3759 7830 9541 10444 10475 10910 12949 
38 39 48 371 2639 3125 8031 10501 10562 
2060 11300 12027 12048 12078 
39 1327 1814 3093 3501 4650 5078 
39 48 65 336 439 535 1010 1103 1976 2031 3434 3742 4612 
701 3105 5385 
32 39 48 310 604 1010 1091 1627 2118 3070 3586 3966 5080 
32 227 2254 
48 186 396 413 418 650 703 1332 1415 1417 1789 2988 4563 4971 10513 10551 14967 
39 
32 39 48 69 475 751 910 1158 2681 2965 3229 3577 4121 4203 4493 5246 10598 15450 15486 
32 48 1138 2384 4099 
32 36 38 48 110 246 270 271 1294 2297 2343 
39 12935 
36 38 39 48 225 718 1542 1838 1983 2238 3346 4106 5642 
30 39 48 156 255 415 1016 3711 4107 4669 5764 14180 
39 41 48 417 1144 2215 2787 4297 16217 
32 39 41 42 48 384 475 2106 2756 
32 38 41 45 105 413 956 1124 4931 6179 8458 11605 
48 310 
10978 13744 
38 286 
32 41 48 13178 14320 15832 
39 48 227 513 675 3623 9001 9076 14634 
39 297 464 1120 2495 2843 3185 5105 6190 7081 10259 10294 10354 10540 13189 
39 48 4251 
39 48 769 831 3307 5931 
39 2984 
39 48 237 
32 2993 4990 13443 14098 
981 1035 1103 1428 3505 
41 48 956 1294 1455 1609 2168 3064 3464 5490 6950 10965 10966 14933 14953 15259 16005 16010 16011 16044 
156 317 708 8995 11286 11792 
38 39 48 56 1250 1825 1826 4514 5862 10602 
48 128 151 382 793 1069 1076 1357 2514 2743 2814 3160 3719 4536 5989 6582 11048 12311 13041 
39 48 65 179 201 209 269 301 464 798 813 1315 1464 1655 1981 2012 2312 2537 2574 2775 3516 4551 5408 5999 13060 14087 
39 242 255 
39 48 103 608 1196 1214 1642 1821 4358 12153 12269 13734 14576 14585 
32 271 547 1001 1003 1008 1344 1596 3633 3714 3926 10674 10952 
39 48 204 711 1832 3008 4386 9501 
39 48 740 932 4121 5473 6062 12545 13961 
39 48 78 392 3753 4029 4859 4926 5973 6104 7410 8841 8968 
39 48 50 171 409 1165 1302 1915 2569 2965 2998 4207 4962 4981 5553 5675 11252 14098 15377 15578 16092 16217 16256 16273 
309 415 978 1269 1378 3270 5266 7237 9245 10542 
39 48 12547 
32 39 48 3949 7657 8435 
39 48 310 334 7233 7256 
48 11021 
39 1228 
11 48 186 475 533 592 921 956 2596 2851 3660 5210 5838 7554 13089 
32 38 39 41 110 370 475 2060 11516 11537 
11 1527 2032 3856 5147 13034 16197 16217 
48 85 220 1020 1121 1240 1833 1911 1966 2224 2741 2988 3121 3742 4009 5346 5712 6374 6793 
32 39 48 89 772 3784 4280 5358 6128 6630 10448 12952 
39 310 1873 2496 13446 
39 861 865 4174 
39 48 65 175 2688 11649 13041 
32 39 48 2658 4210 7414 10908 
39 48 798 801 1143 1635 4571 4589 5711 10515 10858 13055 13166 13260 14752 15808 
36 38 39 48 156 190 191 350 653 675 4278 
37 38 659 1433 1853 1867 
39 256 8985 9001 11630 
2746 4288 7542 7561 10653 
32 39 41 48 147 503 767 833 851 1257 1673 2987 3966 4389 10448 11572 12101 
35 38 39 41 48 101 390 604 611 811 1031 1459 1517 2135 7912 9703 15798 
48 248 15054 
39 48 78 193 675 1250 3078 3744 12925 
48 13068 
32 39 79 225 485 
102 958 1128 1476 2030 2033 2117 2188 7153 8679 11050 12925 13145 14549 14877 
39 48 821 1308 
39 48 259 2162 12925 14874 15824 
39 48 65 76 435 592 597 598 989 1083 1099 1257 2669 3821 5835 7515 9025 
32 39 48 79 492 714 1964 4297 10605 11640 11820 11955 
39 41 855 5051 
60 
39 48 87 107 205 249 449 558 570 640 806 1003 1026 1144 1327 1355 1517 2048 2049 2708 3405 3635 4302 4804 5603 7566 8691 9858 9859 
39 79 271 449 828 1144 1146 1659 1996 3194 6895 
3754 7843 
39 48 65 82 817 3431 10493 
39 48 156 251 1814 5441 
15 41 48 179 185 258 328 855 1294 3277 3683 4195 6358 6489 
36 38 39 41 
48 716 5408 5537 6522 7975 12186 15979 
14588 
30 48 325 522 2046 3402 3535 4883 8068 10535 12982 15126 
39 48 389 846 2900 
39 48 1081 
225 3170 11155 
9 48 52 596 598 740 769 1034 1806 2608 3077 4709 6419 
39 3754 10792 
32 38 39 48 170 4949 
36 38 39 41 107 549 580 585 961 1380 4733 4734 5166 7383 8914 9276 
39 2728 4730 5350 11794 
39 
38 39 48 89 281 597 712 1120 1160 1316 2056 2058 2160 2843 2958 3373 5651 7505 7758 8978 10188 16010 16011 
38 89 163 170 248 660 7975 14098 
6 32 39 48 424 445 604 740 4804 
39 242 533 984 1670 2581 4467 
48 467 521 925 1003 2131 3189 6214 
39 48 94 806 956 1872 4244 6916 10515 13088 13709 
38 48 281 438 468 1772 2117 4763 4996 8393 11786 15924 15946 15973 
32 41 269 927 1783 4075 5246 10386 10490 10551 13041 15198 
39 41 48 185 1344 1956 2199 4698 
48 101 201 399 475 871 872 1010 1405 1715 2080 2880 3611 3948 
39 48 232 246 770 1232 1872 2117 3292 4007 7727 
65 185 358 894 2652 5437 11276 
48 1665 
32 39 48 60 225 237 460 3324 10447 13866 
9 39 48 155 301 743 744 1651 1652 1665 2118 2186 2353 2651 3149 4284 4863 5071 5472 11454 
65 225 264 1052 1262 1789 3903 4229 4374 4616 10556 
32 38 39 47 48 785 1956 5351 
9 32 39 48 60 191 267 301 389 643 674 730 731 1015 1281 1479 1481 2663 3195 8730 9501 12936 12980 
39 604 8863 10510 
41 103 503 547 1001 1279 3086 6128 
39 271 6028 
32 39 501 5505 12943 
237 279 290 577 1664 2184 2449 2463 3027 3186 3510 3581 4157 6728 12951 15345 16010 
23 48 89 101 464 1053 2700 3968 5708 10943 
32 39 48 50 412 435 2276 2437 2573 3156 4094 4193 5099 
39 48 314 1144 1435 
48 185 4024 
2263 3826 4251 8373 
38 39 48 75 103 170 652 675 1933 2138 3630 10796 
48 491 
38 39 41 48 89 170 751 1165 1294 1455 1564 1976 2394 2573 2621 2712 6635 7177 9066 15036 
242 6579 8229 14098 15033 
7 1000 1922 6169 
32 39 41 875 4412 
32 39 48 148 200 1594 1675 1773 6283 9238 9510 9682 
32 39 41 48 392 810 1945 4632 5273 6680 7148 8559 9921 11829 12019 12092 
6547 10457 10525 11564 
32 39 48 7453 
39 3442 4865 
36 38 256 271 813 6377 
39 1407 2749 3411 3501 4848 4849 
38 170 6079 
36 38 103 110 511 911 1435 2406 2987 2991 3170 
32 695 2254 5124 6203 12630 14636 
39 41 48 396 812 831 910 
48 195 10730 12719 13056 15815 
156 414 3136 4790 9387 9685 
39 41 48 101 185 271 279 334 340 375 533 583 615 649 681 715 872 931 947 1023 1603 1973 2229 2238 2697 3752 3875 4407 4525 5517 6602 8816 9664 10610 11679 
39 48 84 310 932 1577 3502 5410 5712 15832 
227 681 835 5943 
32 38 48 67 371 2344 2495 2678 15755 
235 1228 1896 3537 12959 
36 38 39 
39 48 58 179 271 501 681 2039 2318 2746 3644 4396 4498 5779 6682 7559 8878 8886 9177 10409 11840 13514 13550 13610 13750 14386 14491 14492 
39 48 1744 12925 15898 
39 514 783 838 892 978 1393 1670 4684 4825 5632 6078 11093 12491 12943 12946 13790 
39 225 389 508 695 6353 10645 13182 13856 
32 38 48 110 286 
41 103 2477 6714 12721 16010 16011 
38 39 41 47 310 420 426 840 2606 3361 10720 12959 13189 14098 16010 
8521 9094 
39 589 984 7975 
48 1415 11966 
39 48 65 823 1609 2239 2776 2802 3133 3260 3690 4522 4873 5071 6255 11425 11527 12933 14933 15219 
2 1055 1228 2459 2907 3368 6614 
39 48 3596 
38 170 
15611 
48 65 2199 
44 157 158 727 1440 4090 4144 4643 5752 
38 170 209 533 1076 1077 2322 2702 10567 
39 48 398 728 1020 1643 1803 1964 2115 2557 3208 3335 5980 9116 9395 9605 10623 12946 14855 
39 48 829 3799 4524 
39 639 3953 4069 
32 36 38 664 15059 
1394 1585 5904 13938 
12 39 48 251 443 664 1072 1232 1342 1786 3706 4305 6120 7124 8559 10442 13423 15036 
38 39 110 703 3913 4883 9843 11718 
39 155 272 310 604 976 1430 1928 2164 2965 8014 10650 12929 14098 
38 39 41 48 225 286 309 475 677 1273 7050 11085 
38 39 48 89 103 123 338 511 541 592 650 770 859 1274 1479 1727 2236 3159 3470 3814 4094 4186 5520 6312 9338 9453 9745 9876 10451 11286 
32 39 48 209 341 639 713 1104 1361 1619 1746 2212 3541 3827 3988 6768 8860 12996 13017 14872 
32 48 
32 39 1000 1747 15238 
37 38 39 41 48 53 55 89 237 272 442 470 535 587 1062 1616 1619 2120 2184 2188 2383 4959 5492 5681 5917 6229 7166 11671 14099 16010 
2046 10910 11257 
36 38 389 806 1838 6362 11843 
1135 4257 13597 
6 38 39 47 48 101 103 185 205 225 389 822 976 1198 1215 1771 1803 1821 2002 2327 2383 2673 2749 2943 3132 3312 3724 3760 3948 4913 10448 13863 
15601 15618 15660 
32 2387 3233 9105 15264 
32 38 39 48 110 1179 
39 65 413 2406 3510 8730 
38 39 79 337 432 504 589 604 1004 1121 1659 2167 2343 2417 2848 2929 3447 4582 9512 10979 
39 
45 412 583 706 1120 2554 12929 13560 15316 15798 15812 
39 48 407 1138 1250 8062 12982 
38 39 117 384 407 467 533 942 1462 1555 1964 1986 2141 2963 3343 3349 3772 3854 5317 5356 7993 
1773 
694 2606 12986 
66 405 535 763 3033 8477 
38 39 41 48 89 255 286 1404 1693 2394 
39 41 1004 1121 1454 3349 5794 7429 
39 48 5792 16217 16230 
39 1991 
48 251 449 1165 2329 2573 5405 12858 12923 12935 14248 
39 161 10553 
175 243 806 1294 1783 16010 16011 
32 38 39 41 48 110 255 475 763 1874 2810 4742 
24 39 89 136 147 392 408 637 703 704 1166 2080 2098 2180 2387 2403 2415 2554 5026 5833 7068 8698 
39 41 48 3973 4588 
39 2344 4187 4350 5494 7992 
37 38 39 41 2129 2723 2804 4592 9617 
48 49 104 203 1115 1135 1812 2104 2514 2524 2879 2944 3246 3270 4374 6890 7712 10506 10641 10653 10943 12919 13489 13842 14373 14507 14817 
350 850 2535 4920 5314 5849 6213 7975 
38 2805 
38 39 370 4001 
9 39 48 89 155 1547 1575 1824 2392 3459 6631 7375 7569 
48 887 1257 1309 5297 
39 48 136 179 301 660 783 830 973 2051 2814 5168 
41 48 16217 
797 8068 15007 
36 38 711 4392 
39 41 150 237 301 352 749 1124 1179 1859 2476 2573 3510 3784 4132 
15 48 98 225 232 589 865 1181 1433 1773 2048 2496 2599 2652 3078 3995 4650 4677 4756 5237 5359 6036 6746 8052 10573 13736 
48 1281 1313 2329 2870 
38 48 251 286 2329 3276 
39 225 242 
38 39 41 56 161 682 683 779 812 1048 1080 1360 1379 1872 2173 2496 4564 4621 
39 421 475 1557 5998 7472 
39 41 48 161 258 339 649 1638 1814 
39 48 250 1071 1789 3238 5314 10129 10546 12933 13679 14051 
39 3316 3319 
39 382 
39 41 48 884 2854 5288 7363 9267 
31 179 301 368 414 501 1090 2984 4211 5171 5224 5309 5986 6717 6996 7647 9320 9913 10587 13556 
32 39 48 147 164 165 415 593 604 612 636 683 684 878 1104 1277 1417 1435 1948 2084 3084 3085 3395 4360 5133 7975 10493 13174 14597 
39 41 48 402 459 529 783 3043 3942 8300 
41 48 276 485 770 799 835 943 973 1659 1739 1872 1900 2117 2492 2670 2740 2788 2813 3292 3467 3599 4145 5387 
107 123 156 225 260 812 1294 3121 3189 7687 16010 
10 39 
323 1308 
1009 1903 
39 41 2208 5059 13086 
39 258 418 426 966 989 1163 1435 1439 1822 2062 2065 2515 2820 4883 10501 14055 
39 41 
176 254 338 442 463 560 730 815 824 1896 2535 3001 3028 3160 3735 4123 4174 4489 4816 4962 5138 5752 7057 13060 14098 
5888 12289 
3789 5038 5828 
1185 4134 7276 
19 39 41 45 75 195 237 249 279 320 490 548 560 565 581 649 706 715 820 1481 1656 1929 2426 2550 2588 2663 2733 2818 2853 3060 4084 4435 9843 10821 14656 15159 15832 
30 31 11136 
32 38 39 41 48 281 481 1618 1976 2329 3857 4166 4509 5474 
39 611 3319 4407 5338 7964 13291 
32 38 39 41 60 260 352 371 596 1708 1859 2523 4976 4977 5146 
39 48 1184 3353 4636 
32 48 192 264 549 961 1000 1067 2363 2364 2706 5287 6656 10520 10637 11532 11533 
36 38 39 438 913 3368 14048 
39 48 89 757 1158 1600 5968 10730 
32 40 225 232 234 3533 6230 
39 41 48 345 959 2644 3855 4801 6777 
48 447 526 903 1113 1137 1146 1939 2271 2380 2495 3149 5562 5755 9204 10513 11114 
32 38 39 48 105 974 8384 8899 
32 39 48 242 2879 3404 
2869 11777 
606 
41 286 
39 48 664 994 
101 706 3292 
48 151 2723 4163 4270 9887 
39 41 48 310 
32 39 48 292 338 365 475 517 573 643 674 789 911 1331 1348 1360 1395 1417 1602 1987 2629 2639 3641 4759 5041 5048 7117 9271 10441 12858 13226 13347 
39 48 1318 5707 8978 
12 32 259 432 438 442 699 709 743 927 982 1103 1533 1629 1844 1984 2169 2390 3364 4064 4242 4360 4393 5023 5276 5453 6485 7157 7192 7519 
572 4316 11861 
39 41 260 276 1503 1673 2554 4146 5212 
39 41 237 566 1058 1515 1786 3456 3827 4084 4134 
39 41 65 104 566 885 2286 2537 2633 3775 3862 5667 5840 
45 1203 4909 5992 11105 
38 225 279 281 937 1096 2721 3189 3269 7409 15033 
32 220 310 1448 2065 2167 4880 10346 
65 203 314 812 5346 6249 15160 
37 38 39 48 539 760 1075 1144 2210 3331 9766 
39 48 1016 2092 3086 9753 
39 41 48 475 3127 4353 5501 6148 8654 
22 41 103 12959 
39 922 1744 2062 16010 16011 
38 39 48 286 340 491 979 1094 1336 2765 2940 3594 3859 4191 4975 13041 13189 
48 2997 3061 4945 12998 
39 48 107 113 161 215 413 549 789 806 1138 1430 1612 2169 2250 2464 3341 3638 3644 4270 5535 12060 13533 13884 
39 48 251 956 4886 
39 2115 
41 48 151 168 237 255 757 2364 2573 3510 3788 3895 4024 4813 5074 5425 6486 10490 10541 10611 10830 10969 11469 11470 11471 
48 3338 3952 7131 
670 2599 3168 
38 39 89 170 1239 1935 2523 3752 4843 9076 13112 
39 41 48 272 398 592 753 865 1425 1781 3117 3273 4124 6298 7458 9674 10642 10702 11553 
32 3623 
48 2751 14561 
32 65 2351 10451 
39 7942 
48 75 76 101 246 336 420 431 783 856 874 1010 1669 1739 1872 1939 2039 2212 2243 2464 2527 2951 3714 3903 3946 4303 4655 4924 5047 5405 5875 5937 6224 6255 8529 
65 419 522 660 958 2421 5570 
39 48 49 258 293 338 362 418 423 534 581 691 1564 1987 2621 2895 4112 
32 39 41 48 117 986 993 1924 2051 2531 3715 
39 76 101 271 1393 1677 2785 3709 
173 2138 3142 
11 30 38 39 41 48 110 365 1715 2543 3501 4351 6405 7273 
39 48 341 750 928 1336 1395 3181 6675 8135 
39 41 48 464 475 511 1113 2892 2994 6461 7144 10648 
661 741 742 795 1818 1819 2489 2726 3161 3311 3609 4297 4429 5453 6485 8232 11698 
1973 
39 50 374 599 1748 2990 3735 4429 4464 4465 
5628 5954 
39 806 846 1615 2031 2238 5549 
718 921 1043 4663 
39 41 48 225 246 1146 
984 5142 6717 7949 9540 11840 13314 
32 39 48 163 206 249 393 715 793 1023 1128 2800 3202 3858 3985 4029 4504 5049 5380 5493 5588 5873 6136 6214 6722 7631 8403 8411 8985 11679 12693 15205 
39 
38 48 105 1354 1615 10573 
39 187 379 11794 
3085 
48 123 203 310 392 398 475 986 1158 1939 1957 2523 2524 2800 3332 4374 5020 5618 6273 6583 8910 10573 11702 11841 12655 13443 13588 14997 15659 
79 440 792 1004 1020 1650 2034 2122 2238 2561 3972 7687 8730 
9 39 48 382 809 1403 1895 4256 5691 9394 9446 10486 12813 12984 13727 14025 14113 14125 14133 
38 39 48 65 232 281 343 475 514 549 831 865 927 1012 1144 1250 1332 1393 1593 1725 1842 2441 2515 2983 3186 3353 3471 3746 3756 4790 5169 5948 7895 10434 10651 10807 11780 
2833 
36 37 38 39 48 2958 5892 8305 10422 
39 48 65 101 136 405 413 548 549 604 610 611 1067 1069 1562 1826 2033 2281 2626 2725 2868 2948 2987 3142 3202 5546 7869 10119 10405 10764 11840 12677 13506 
38 94 170 466 533 1368 1372 2269 4278 6216 12166 14386 
48 103 161 2626 3781 
39 41 43 185 213 260 434 2254 2599 6118 
30 38 39 48 110 475 956 1144 4945 13089 14214 
39 225 261 1062 1981 2977 3294 4864 12959 
48 62 208 592 679 1327 1852 2353 2380 3086 3472 5546 5547 5548 
39 504 
39 41 982 1243 5152 8795 8978 
39 1158 1172 1939 7898 8948 12028 12959 14665 14828 
48 956 2716 
48 49 279 1146 2119 2728 3361 3772 5048 5509 
39 48 404 695 956 1558 1603 1872 2168 2673 2737 9105 16430 16431 
38 39 48 53 84 189 385 432 433 504 535 1123 1572 1881 2528 4525 4753 5133 5140 5141 
39 41 444 592 789 824 851 2987 3101 4604 5220 6582 
38 39 89 110 286 426 736 835 1588 3065 4008 4159 6309 6575 7040 7141 7910 8160 8978 13068 13892 14933 15436 16010 
48 96 103 179 197 351 417 444 486 573 623 824 838 944 962 1536 1677 1864 1923 2493 2629 2723 2962 3214 3218 3276 4070 4376 4854 4911 4973 4974 5049 5099 5405 5741 5767 5771 6266 6287 6404 7585 8548 9666 9852 11234 11692 12929 12951 12959 13334 
38 39 41 48 225 328 370 371 376 680 694 718 1043 1180 1190 1515 1818 1832 1872 2065 2749 2856 3195 3323 3547 3738 3964 3988 4097 4628 4803 4899 5187 5587 5796 6019 6020 6021 6022 6023 6024 
39 60 89 1361 1537 1543 4230 8251 10670 12473 13125 13307 
301 681 1562 2025 2933 3271 4307 13060 16155 16217 
112 282 930 1333 1362 1890 1962 2588 2626 5829 7342 8860 10451 12308 12943 13262 14830 
32 
32 4843 
39 250 260 416 712 791 1383 1738 2184 2834 3316 3896 4336 9054 15832 
39 48 53 111 319 807 1549 1784 2021 3130 3186 3451 3849 4336 4393 4731 5976 9214 10128 10562 15815 15832 15835 
2285 3205 3928 6329 8858 9324 
19 39 48 60 65 413 464 535 677 1483 1513 3361 5403 13095 
18 39 48 201 209 310 909 2441 2708 7759 11749 
48 3218 3776 4036 7003 14953 15345 15772 
22 32 572 1327 2376 7858 
39 310 1063 2281 2386 6758 10484 12996 15578 15990 
32 48 2103 2116 2894 4072 
39 41 1578 2699 3452 5464 
48 1833 5248 7209 8573 10608 12038 
32 39 48 89 213 310 444 449 485 489 533 571 640 794 805 1294 1934 2990 3012 3056 5974 8881 12920 12942 13215 13222 13573 13660 13661 
389 1570 3579 6099 8508 
39 41 1704 2446 2715 2763 4297 16010 16011 
32 39 389 10010 
2390 
32 201 222 225 228 408 604 878 899 968 1146 1715 2049 2238 2506 3840 4663 5756 5895 7509 
123 227 262 449 517 570 591 713 1141 1214 1479 1994 3320 3668 3793 6999 10499 
39 48 215 6712 
331 407 783 792 1763 2135 13061 
32 38 39 48 56 103 234 271 351 389 511 837 918 2541 2749 2997 5758 12146 
11 48 271 482 7923 9750 12962 
32 9140 
39 48 2132 4719 5150 5591 6806 13613 
7 48 65 101 255 279 567 1417 1430 2440 2633 2786 3541 3867 4119 
32 39 48 62 69 193 278 612 994 996 1598 1603 1683 1689 1901 2634 2854 3416 4388 4753 7925 
32 492 2380 4176 7718 8728 12491 12634 
39 48 750 1600 2775 6307 8136 13190 14098 
2 518 519 520 
39 48 766 16010 
38 39 48 185 589 630 790 838 1040 1543 2286 2329 3771 5315 7472 8031 10147 12925 
379 1257 2054 4032 5078 
978 979 1058 1547 1568 1909 2517 3456 3994 6036 6523 8742 8986 9696 10111 10125 10172 
38 48 56 401 7373 10585 
38 39 41 48 170 583 4771 5071 5680 10579 12277 14334 14942 15126 15872 
39 271 334 
179 533 639 703 1160 1679 3521 4718 4766 5181 13041 14486 15150 15605 
32 48 147 1126 1159 1403 2378 2588 3451 4028 4521 
32 104 387 757 1000 1704 2235 2236 2391 3268 3776 10818 10943 11794 13391 13443 
39 48 123 248 251 396 561 575 796 1196 1455 1986 2437 6478 
39 650 2238 
39 
922 
39 225 255 310 740 757 1043 1448 1473 1543 2325 2344 2406 3015 7760 13049 14933 15033 
48 65 374 606 1924 2059 2186 2722 6728 7090 8368 8691 8715 8929 
38 39 370 438 15571 15578 16010 16011 
48 2987 
48 325 4123 7303 
32 39 1637 1652 2581 10943 11246 12773 13105 13188 
32 39 41 48 60 544 3129 4693 9555 
65 310 333 334 1983 2167 2383 2733 3768 6577 10446 11098 
664 1327 2666 
32 48 271 3623 4438 
48 432 915 2820 3553 3759 11303 11798 
200 225 237 352 396 475 910 978 2846 3371 5478 6014 6028 8982 9203 9501 9510 
39 48 66 123 490 525 565 621 772 830 939 942 1185 1763 1964 1994 2272 2375 2391 2394 2426 2540 3162 3714 3721 4494 4702 5127 6921 8204 8661 8909 9420 
39 48 
19 32 48 248 812 837 865 919 993 1094 1123 1585 1903 1971 2084 2201 2569 2573 4193 4336 4588 4744 5048 9168 9876 11012 11560 
1183 1796 1821 10869 12713 14098 
39 48 155 460 639 664 820 1093 1308 3070 4019 4774 10427 11557 14099 
9697 
39 3316 4382 5293 5339 12634 
1054 7209 14098 
32 39 41 48 237 249 769 1034 1469 1851 2520 4027 9242 
39 48 251 264 297 1348 2800 3314 5296 6831 9134 11712 12415 12693 14034 
38 47 48 3130 3896 12473 
32 
39 48 104 554 1157 1930 2678 5306 10694 11501 
41 249 749 861 1144 4127 4166 4562 
38 39 170 1986 2284 2296 2505 6118 14385 
38 39 48 105 533 3573 
32 39 48 104 349 441 743 824 1659 2362 2688 4692 7963 
1991 2552 3553 5570 7316 8030 10429 11471 13615 13616 
5176 
41 65 2058 4650 4731 6126 10443 13786 
1640 5658 
39 
161 196 225 232 273 374 492 798 838 1024 1198 1249 1658 1666 2215 2596 2811 2988 3429 4708 4880 5489 5790 5914 6893 8934 9907 11133 
32 604 811 9169 
11 30 32 39 41 48 107 407 518 789 1035 2056 2201 3291 5194 
32 39 48 1181 
32 39 48 270 1146 
38 39 48 89 110 1313 3635 
48 101 278 285 449 740 1027 1837 1867 2325 2673 2775 2809 3121 3270 6656 11452 15036 15798 
1318 1840 2463 3581 
54 
269 424 1808 
39 89 1062 4650 
39 48 279 441 961 1067 1146 1524 1772 2011 2056 2306 2728 2758 3772 4047 6214 6398 9050 13244 14120 
39 501 533 1146 2624 6507 13052 13313 13443 
38 48 216 365 497 840 1543 11772 
31 39 41 48 12588 
39 249 597 801 878 903 
39 397 1143 1783 
48 959 1731 2335 2990 5369 6151 
39 48 499 3616 4899 9765 
39 1433 3533 3534 
31 412 740 2902 5151 5496 7129 12813 14034 
39 41 48 79 93 107 136 155 548 961 1067 2239 2241 2413 4344 4544 12677 
251 772 4237 4398 4819 11154 
38 60 76 110 170 310 371 1590 4606 15397 
39 48 76 186 271 789 980 1082 2425 3840 8704 9120 10605 11039 11447 11768 14819 
39 8273 
102 117 550 750 864 976 1043 1056 1765 2146 2425 2633 3914 4097 4184 4353 4909 4993 5789 5926 
39 48 60 237 244 340 740 765 1814 1962 2383 3128 6113 
38 39 48 65 110 255 258 310 362 398 887 1311 1872 3660 3878 9802 12192 14408 
32 38 39 41 48 117 123 310 371 550 708 714 1071 1883 2393 2830 2894 2989 3132 3299 4940 7109 7500 8691 10584 12933 12959 13964 14171 16010 
38 39 110 242 589 10747 
39 41 48 65 301 1061 1277 1503 2802 4057 4336 4832 4836 10063 11580 11688 
39 48 60 185 237 255 288 1010 1233 1859 1912 2351 2884 3021 3450 3664 4171 4744 8837 
39 48 235 237 1570 11615 
32 48 267 1345 3881 12916 
38 110 806 1355 5867 
39 48 282 488 1316 1638 1814 2523 
39 41 322 515 516 1308 1994 2306 2464 2623 3035 4209 5461 6165 6753 8144 
39 275 310 2021 4027 4285 4286 
209 
38 48 131 623 840 2697 2955 4799 4830 7975 8066 9527 11368 11415 
32 48 1329 1640 2168 4764 5852 6752 9001 
32 38 39 41 48 49 110 123 179 536 604 612 766 846 969 1327 1615 2215 2326 2393 2640 2830 3693 3735 4232 4572 4719 5232 6283 7109 7194 
32 38 237 271 529 614 790 1172 4067 10513 12473 13197 14656 
11288 
32 1939 3279 6709 15251 
39 249 615 710 846 1459 1938 2596 3102 6937 7600 8411 
32 48 50 117 310 552 874 968 1004 1010 1434 1572 1812 2556 2958 4374 4636 4639 7735 
39 225 264 
32 38 39 48 55 65 133 136 272 548 589 610 826 1102 1333 1925 2505 3194 3867 5074 5164 5775 10294 12630 12837 12938 12994 13601 13603 13615 13616 
38 48 50 56 150 161 281 332 381 451 511 806 947 1234 1344 2350 2537 2749 3462 4157 4158 
5 39 48 60 665 1257 1291 1783 2891 9336 13900 
475 729 1709 3361 4207 4688 9520 14347 14827 
36 38 39 48 249 260 264 2998 5809 11630 12943 13413 
1264 1368 4628 
39 279 1020 2274 3460 
39 41 48 73 640 680 1035 1741 2284 2480 5026 6458 8978 10647 16010 
38 170 801 1915 2626 2875 9150 12980 
48 150 412 2597 3856 4372 5147 5559 5850 6356 8422 13315 13847 15835 
39 48 89 284 491 1593 1877 
225 1146 
10 23 39 41 49 79 101 1135 1146 2861 4304 7735 
32 39 48 79 312 561 649 1156 2184 2209 2325 2749 10656 16010 
39 41 48 1327 2131 4847 5150 10232 
39 41 438 1783 3321 4655 5323 9260 
39 3730 8260 
32 38 39 48 345 536 1188 3120 3122 4710 10184 
41 92 264 464 824 5784 
48 1440 4624 
32 39 43 249 361 871 1970 2713 2919 2997 4094 7518 
39 48 78 777 914 2004 2712 3065 3784 4626 10648 12787 
48 501 714 1537 2353 10674 10691 
48 117 185 449 976 1354 1423 1597 1741 2998 5742 7317 10910 
32 41 48 392 604 939 1715 1744 1922 3827 6317 10442 
179 225 1773 4124 12925 13042 13043 13044 
2729 14357 14386 
39 225 330 365 2353 3659 6118 
7 38 60 351 379 783 856 1444 1693 3904 5001 
39 41 48 297 301 424 479 1421 1486 1859 2051 2728 3827 6194 9046 9238 10125 10210 
32 38 307 604 1529 1693 6236 6403 7554 13145 13156 13298 13468 
39 48 141 2114 3800 
32 768 8343 11647 
39 48 237 265 795 1394 1818 1819 2051 2155 2159 2231 3311 4256 5892 10446 11114 
715 919 2069 9332 
39 48 75 255 521 3418 4975 5257 7363 14953 
39 48 3919 3920 
39 49 1010 2110 4389 10830 
38 39 41 48 170 175 508 570 2053 2654 3299 4891 7205 7775 9843 13186 16217 
8405 11300 
39 41 417 1393 1663 1758 5489 5903 12951 
39 48 2015 10444 11531 
19 32 39 48 89 301 591 708 2593 3404 4740 5771 6173 9783 10259 10354 10656 
1408 3015 
43 48 82 341 837 1578 1703 4124 9823 12217 13060 14645 
39 213 1515 
32 48 701 896 
39 117 756 1353 2233 4897 6582 9455 9456 
65 107 533 549 1408 1808 1829 2417 2471 2555 3131 4386 6359 7317 10515 11630 
39 41 733 1066 1930 1987 2065 2343 4516 5269 5341 8884 14929 16010 
39 65 150 229 590 597 758 781 791 878 913 1003 1020 1126 1476 1526 1834 1907 2097 2926 3270 5177 6810 8068 10543 10683 11074 13059 
32 48 3988 
39 48 84 178 2706 6472 13109 13465 
85 129 730 1101 1895 1937 1998 2485 2515 4282 11378 11452 11974 
38 39 48 60 65 237 249 399 641 840 994 1525 2018 2056 2623 3160 4524 5496 5535 8160 13006 
727 1052 2723 6949 9296 9419 
237 384 1043 1426 1895 2495 2661 5781 5958 6461 10656 10707 
38 39 41 48 61 78 92 312 370 533 604 664 730 757 793 797 798 809 1013 1154 1196 1489 1659 1834 2376 2505 2792 2797 2799 3053 3106 3230 3412 3565 3664 6031 6585 6712 
37 38 39 48 110 1595 9095 14536 
39 48 101 195 225 270 399 549 1090 1192 1779 2065 2117 2223 2238 2283 2481 2550 2574 2853 3034 3172 3312 3672 3808 3926 3939 4057 4357 4896 4981 5244 5323 5784 8512 10438 10443 10785 10792 13878 14350 14374 
32 39 48 587 956 1082 1196 2080 2196 5152 7671 10268 14926 15427 15477 
32 48 89 237 2284 2505 8809 
38 39 1146 1327 1590 
48 1813 2635 3425 
39 48 174 222 413 535 536 565 581 831 1644 2113 2215 2376 2524 2550 2566 3072 4111 4323 5150 6303 7654 8566 9297 10416 10436 
39 155 2788 4831 5089 6748 
48 4336 
41 48 82 271 324 583 606 1103 3447 10436 10811 11021 11191 
39 41 103 338 449 547 589 681 708 1562 2468 2892 3202 4435 8411 
39 41 48 208 229 929 1021 1404 1794 1795 2046 2054 2238 3070 3186 10731 11884 
39 79 404 1599 2946 3580 4269 8211 10798 
39 41 65 612 808 956 1878 1879 1880 1881 1882 
13708 
39 48 1342 1397 4883 8219 10470 10525 10526 
11 16 30 38 39 41 48 107 110 297 447 544 548 789 1061 1638 2437 2521 2938 3072 3272 3291 3405 3553 4057 4454 4982 5594 7050 10268 10420 10513 10611 
48 1489 1926 
39 48 169 201 204 231 541 589 604 677 725 1104 1468 1747 1796 1878 1964 1980 2242 2388 2583 3161 3184 3353 3434 3462 3609 3827 4337 4358 4805 5317 7510 8241 9168 9901 10629 10766 11050 
38 39 438 504 2053 2663 4073 4278 6581 11756 
48 78 
32 39 48 563 958 2344 2376 2819 2895 3361 
32 
2615 3188 4365 4723 12641 12960 13027 
39 48 136 242 346 382 397 1121 1145 4412 4433 4552 7895 9103 11801 13510 
32 48 
32 36 38 39 48 151 152 489 1604 2998 10600 
39 48 55 271 405 740 13041 
41 379 1980 2201 7289 
15 65 475 522 675 990 11778 12983 14098 
39 48 89 479 1121 1867 2285 4144 4336 6580 7765 8851 
9 38 48 105 544 697 837 865 919 1004 1104 1766 1848 1864 2015 2084 2097 2151 2492 2516 2574 2661 2962 3028 3851 3900 4214 4251 4360 6338 8514 8515 8516 
1011 9543 9749 
39 41 48 58 722 1376 2006 2046 2837 3663 4204 4877 4933 5195 6271 7031 7073 7104 7130 
39 2095 6553 7323 
39 48 164 165 269 576 592 593 612 760 812 878 1277 1435 1693 1838 1870 2097 3084 3085 4360 7536 7975 12677 12980 13074 13174 13533 
38 41 48 371 593 723 751 1593 1641 1677 1956 2376 2617 5440 
39 48 111 413 824 4299 8205 13862 
23 32 38 39 48 60 310 544 604 840 1020 1311 1568 1994 12982 12996 
39 48 82 207 389 407 1569 1570 1597 2225 2618 3218 3579 6864 8559 12565 12566 12599 
39 48 89 156 205 297 398 5852 
83 740 2647 4227 8603 11004 
41 48 407 408 643 3353 3389 
418 581 953 954 2519 2608 2706 2785 3361 7588 12858 12951 12959 14590 
7829 
1 39 48 594 652 1393 1481 2623 2855 4502 4688 10465 
15692 
32 39 405 421 696 698 699 812 921 2080 2837 4105 11039 
32 39 48 324 374 1479 11173 
31 39 48 651 1054 10423 
32 39 41 269 412 427 592 4325 5914 8248 9088 
38 39 41 48 1590 
36 38 60 185 186 225 310 809 885 1090 2238 2966 2987 4660 
39 237 7205 11173 
18 39 41 45 48 189 200 259 396 491 501 533 798 851 1050 1393 1574 1821 1867 2079 2512 2987 3253 3388 3766 4097 5301 7429 9093 
32 39 
38 170 3659 10128 
38 39 48 110 161 242 1992 4098 6634 13041 
38 39 41 48 286 664 806 2855 3106 4003 4307 
225 1066 3895 5432 6495 
27 39 185 433 438 660 1595 2052 7552 8947 
32 39 48 151 741 743 744 2459 2775 10490 
39 48 65 147 243 817 1275 1529 1561 2527 2597 2800 
32 38 39 48 49 105 270 273 310 594 831 1235 1818 1819 2480 3513 4518 4739 5559 6272 6432 7929 7930 7931 8038 8896 9082 9168 10446 10491 13028 13427 13956 
39 41 60 225 3411 
19 38 39 48 65 78 89 147 179 206 215 475 549 707 715 734 753 772 1188 1204 1444 1976 2135 2202 3002 3696 4525 5178 6156 6810 10568 12677 13443 14051 15149 
18 38 41 48 105 523 548 573 677 1010 1251 1348 1408 1529 2729 2795 3177 3259 3394 4698 5296 5325 5593 5952 6387 8407 13622 14120 15599 15624 
0 39 89 123 533 569 3354 4037 14928 16010 16011 16023 
4561 4901 
32 37 38 39 48 65 255 529 560 561 566 569 570 636 796 883 1152 1257 1867 1868 2054 2057 2169 3259 3510 4468 4833 5392 5992 6250 6520 6827 7210 9203 9887 14933 15410 15500 
48 76 211 341 592 718 1014 1185 1232 2437 2843 3024 3518 3546 6145 10526 10854 
39 44 48 251 409 808 1637 2669 3402 3633 4382 5026 5558 8151 10491 
48 237 466 570 1185 1739 2115 2543 3034 3219 5701 7559 8985 10188 10249 10538 14099 
1146 1776 3743 4642 
32 37 38 39 41 89 903 1459 2018 2019 2020 2021 2022 
39 48 5954 9621 
38 39 48 319 351 504 612 1016 1103 1325 3270 4140 5498 5661 5858 7762 9057 9669 10089 
38 39 41 48 351 1188 
32 39 41 48 569 
39 48 
38 39 170 606 
48 8694 
39 41 2238 3510 
10 48 552 855 1641 1720 2276 2523 5232 9661 10683 
17 38 39 41 170 640 
32 48 13182 
39 48 310 1786 3811 10210 
2046 
38 39 41 48 76 110 225 285 297 401 492 521 576 618 734 863 1135 1179 1311 1444 2238 2305 2420 2523 2728 3265 3292 3512 4207 4273 4538 4548 4744 7689 9038 10419 10446 10783 11032 12473 
32 
38 39 48 78 110 176 225 255 357 401 492 703 1179 1598 2122 2238 2376 2393 4357 4424 5001 5976 6874 10428 13443 14872 14949 
31 32 38 39 41 48 105 237 350 460 877 1173 1607 1715 2238 3509 3510 4015 4383 5489 5535 5728 5729 6276 7869 8978 10451 11175 14876 16010 16038 
32 39 48 101 189 271 522 604 1180 1349 1739 1814 2091 2187 2793 4546 
39 48 270 1578 3857 8040 
41 48 3399 
39 147 584 1429 2495 3404 5048 5210 7991 8389 8910 10476 
39 45 48 1072 1126 
39 48 65 89 200 215 583 994 1739 2344 5082 6569 7175 8709 9304 9513 9543 9547 9645 
39 48 315 1214 5969 9745 
2 39 48 65 78 79 89 101 228 271 310 334 411 543 581 583 649 708 731 873 916 1012 1023 1244 1355 1603 2056 2061 2118 2122 2238 2830 2834 4650 4685 5018 5427 5915 14055 14058 14099 14117 
32 123 464 4310 5975 8245 12933 12963 
32 39 48 179 475 878 1144 2482 3130 4436 6358 7875 9643 12547 
38 39 41 48 110 222 271 340 370 413 449 1066 1298 1442 2177 2184 2199 3447 
10 39 48 364 396 809 849 856 1020 1183 1428 2167 2983 3532 5377 8514 10074 12929 12943 13662 
39 41 48 225 237 675 1379 2768 3163 10259 
35 39 161 338 481 812 13184 
39 48 79 1020 4849 10758 10860 
39 225 317 331 871 969 1318 1757 2111 2115 2118 2393 2609 2665 3026 3078 3837 4004 4107 4714 4800 5081 5767 6036 6098 6523 7161 10483 12874 13304 13609 13944 13945 
38 105 108 136 270 438 479 511 655 1393 1593 1865 2749 3842 4698 4854 6748 7046 9420 
2804 4369 
14023 14067 14075 15033 
36 38 39 41 48 67 828 1435 2343 2424 2602 2704 2942 
39 48 310 438 529 1266 1455 1991 2958 4396 4736 5626 6707 
38 39 48 939 1813 1831 7004 8074 8553 10583 12925 
235 5949 6215 
39 250 488 589 2326 2405 2975 4336 5672 8479 9231 13915 14107 15832 15838 
38 170 887 13120 
32 39 41 48 460 1198 4166 
39 41 48 1890 3405 3546 4517 6582 15578 
39 48 179 1121 1630 1739 3910 5042 6136 8153 
237 703 768 9243 
48 65 75 324 576 652 793 974 1352 1659 4636 4984 5289 8985 10425 
39 41 48 249 744 1911 1914 4201 5271 6485 10433 
38 39 41 48 60 371 1552 4587 5248 
2 45 225 475 1004 1146 3616 8575 
32 39 374 652 1046 1476 1538 3844 4723 9555 
39 2164 5771 12025 12026 
262 382 913 2340 3896 15681 15706 15832 
38 43 110 242 
39 48 5855 
39 41 48 89 225 1107 4357 6516 12552 12553 
39 65 684 3870 
32 39 48 59 881 4305 10444 10656 13056 
36 38 39 41 48 189 592 706 783 788 790 846 1543 1702 2374 3706 4246 4265 4429 4457 5021 
48 550 1297 2420 3027 6602 9617 10967 
38 41 47 107 136 750 1008 1054 1765 1859 2011 2459 2815 4286 6080 
32 65 768 809 2512 4263 5407 8343 12925 15700 
39 48 53 438 1488 6830 
32 48 276 910 956 1113 1252 2154 2343 2836 5562 7148 
38 39 48 94 103 389 475 597 840 976 1376 2477 2603 2910 3619 4202 4257 6353 7763 10610 13856 
38 39 41 48 201 371 704 723 1000 1069 1315 3986 4299 5440 6582 8590 11048 11454 
39 1424 
39 41 48 79 225 475 783 1345 2699 4362 5164 
39 40 48 475 
32 36 38 39 105 156 220 705 1557 1712 2000 4108 4589 8333 
490 576 706 729 730 1281 1459 1878 2023 2187 10573 14098 15618 
36 38 48 185 606 1173 
38 39 41 170 375 1592 1595 2208 4080 4221 5323 8399 12139 
39 1652 2051 
41 875 1031 1745 
38 170 374 2722 4466 7144 13789 
32 41 60 62 227 242 310 533 695 1643 1809 1973 2006 2417 3717 3925 4026 7403 7553 8801 
38 39 41 47 48 162 175 206 364 458 592 604 806 1067 1425 2011 2369 2423 2983 3142 3551 3638 4703 10276 
39 213 15832 
39 48 1789 2485 
32 38 48 103 156 170 237 345 2215 5855 10568 11560 14634 
39 41 48 334 581 673 1332 6374 10444 15832 
649 1435 1851 
48 78 211 379 406 415 544 571 878 926 978 979 1547 1959 2635 3270 4055 4517 5902 7598 9606 10420 10470 10490 
3900 15266 
2 9 48 161 285 338 346 408 420 608 685 783 1046 1090 1557 1824 1923 2464 2662 2997 3270 5152 6130 6953 8030 8136 8354 8983 9156 
39 91 798 1056 12201 
48 246 2617 6485 10917 
32 39 41 48 89 301 616 1314 1714 2187 4201 
39 908 1683 2491 7692 
10 24 48 830 926 1082 1219 1390 2433 3493 4009 4433 4568 4881 5309 6300 
10 39 534 3588 4237 4841 6461 9586 10331 12958 
13 36 38 39 48 60 401 432 604 2916 5083 7233 
38 48 110 161 604 8239 11484 
39 1842 2170 
9 39 48 53 88 103 175 271 351 379 842 913 1559 1586 1878 2662 2688 3920 4292 4994 5323 6148 10645 11044 14819 14933 14953 
32 38 48 1073 1727 1873 6060 
36 38 39 48 396 705 2934 4741 4813 4814 
647 3601 
38 39 47 51 65 78 396 910 1360 1814 2065 3279 7712 9095 11039 13188 
32 38 39 48 2026 2030 2034 3005 3641 4486 6128 12925 
65 681 10635 13174 
39 48 878 1134 2223 3058 3059 3907 4568 6545 8990 9316 12981 13432 13790 
39 2595 
37 38 39 237 301 505 749 769 1034 1043 2381 2468 2805 2946 3547 4127 6301 7405 
39 41 1746 
38 39 41 47 48 703 708 2958 5161 6362 6363 8884 9776 11843 11871 14014 15208 15372 15643 15778 
64 1747 2949 10427 11201 
39 48 89 201 1546 2469 4305 16217 
39 48 1094 1244 1687 4080 4720 10804 14820 
486 497 736 2035 2788 2815 4076 5102 6406 10604 11630 12023 
18 39 73 75 420 500 777 913 1124 1615 1709 1930 2184 2667 4143 5356 5976 10573 13300 15618 15819 15832 
39 48 848 1172 1996 
30 39 48 103 178 522 587 675 691 762 1355 1600 
39 414 1371 1513 1907 2061 5696 10125 
11 32 39 48 587 830 2378 3504 4453 9887 10457 10611 11852 
147 209 234 237 381 727 1121 1376 1468 1568 2638 2775 2815 2992 4035 4269 5114 5115 
59 825 1228 1972 2118 2226 2391 2616 3462 3683 5342 10818 12977 
39 48 1010 11712 12925 
3923 12582 
48 258 310 924 1664 1783 3421 3551 4841 5105 
38 39 170 
39 41 101 222 413 479 601 831 1216 1247 1486 2215 2437 2524 3349 3479 4534 4791 4859 5784 7500 7892 9852 10600 12451 12473 
39 938 15578 16253 
36 38 39 41 48 68 151 229 236 237 255 291 337 468 479 793 1057 1209 1368 1595 1966 2014 2052 2208 3086 3538 3579 4057 4096 4127 4200 4547 4632 5289 6692 7364 8331 10442 11039 11191 
39 48 235 269 277 
32 39 48 52 210 270 570 731 1081 2661 2890 3186 4060 8730 10510 10511 11836 12036 12961 13033 13110 13401 
11 48 702 1257 3686 4272 4889 5086 14099 15659 
39 41 48 161 269 1568 3599 3827 3988 4171 8978 16010 
39 48 1165 1166 1167 
39 675 978 1146 2259 4383 7404 10125 10170 
2476 3973 4570 5836 
32 39 48 225 1393 3102 6128 7421 10653 14694 
48 186 319 369 589 820 1196 2598 4843 6359 6851 10798 
32 38 39 41 48 201 670 1529 1789 2023 2188 2769 2965 3121 5133 5830 5865 7057 8884 10184 10374 10627 12415 12933 15211 15345 16093 16131 16132 
41 77 855 
39 41 1565 1791 3288 4262 5296 
12 32 248 5160 
39 48 492 877 1345 1558 1783 2091 2128 2521 2812 2837 3261 3279 3696 4273 4445 4741 5359 10504 10789 
39 1141 
6781 
39 41 48 5351 8505 
36 38 577 963 1592 4886 15447 
39 48 408 490 846 925 1096 1198 1585 1814 1966 2222 2318 2393 2515 3900 4779 5086 8869 8946 8962 9236 
39 48 573 1012 1160 1624 2675 3746 10579 10605 10656 10939 
38 39 41 65 225 790 824 1698 4840 6214 7472 10486 
38 41 48 790 
39 41 48 107 483 513 549 1363 1966 2026 2703 2728 2875 3081 3309 3531 4567 4629 4929 5161 7514 8025 
39 89 581 1439 1540 3356 4342 6777 12847 14849 14878 14888 
15 39 249 267 649 824 1103 1478 2768 4376 4965 5681 5851 6184 8608 10824 10930 14543 
39 48 677 1285 2872 2931 2966 4209 4700 4883 6443 7128 8068 8590 10681 10696 12929 13088 14390 
32 39 48 52 373 789 980 2109 2630 3404 10656 10897 
261 740 2065 2557 3473 5591 16317 
39 48 75 259 262 364 396 522 652 675 888 975 1177 1444 1772 2072 2854 3065 3764 4209 4294 5377 6403 7349 10481 10766 13302 13907 
32 2048 
2251 10944 
38 39 48 370 913 1920 2565 2965 3969 3971 4981 14872 
39 48 12935 
39 41 229 413 522 1719 1911 1931 1986 2064 2431 3827 4054 4935 6092 7657 7689 8715 
39 41 585 789 1563 1889 3380 
40 101 150 301 352 795 817 947 991 1795 1819 1908 2091 2100 2946 4382 4516 5083 5836 
48 452 543 930 1773 
38 48 170 171 885 1085 2239 3521 4299 4310 6583 10943 13462 15164 
39 291 
39 48 488 1139 1494 1908 2118 2430 3844 5124 5171 8620 10082 13557 14105 
438 2979 2980 9812 12943 
12997 
32 38 39 41 48 170 261 809 1804 3106 3904 7207 8566 14933 15033 16010 
39 41 185 793 8978 
1 37 38 39 42 45 48 65 80 170 365 623 1144 7205 
41 48 163 475 2722 3974 7034 8575 12347 
39 41 338 1564 1678 2199 2818 5243 
38 39 1066 1590 4556 
39 41 48 2822 2823 
36 38 39 48 76 397 479 499 
280 2118 5752 6046 15411 
823 846 1214 
38 39 48 170 570 1111 1345 1595 2896 4369 9669 
23 39 48 107 215 230 961 1641 1879 2464 3177 3341 5507 5535 5943 
48 399 675 700 820 1819 2588 2663 2793 3311 9177 10189 
32 38 39 55 1146 
32 39 41 690 749 780 956 1082 1630 2843 
48 194 2151 2490 3067 
32 595 2848 3848 3895 4363 6358 15798 16010 16011 
48 413 809 1562 2561 3055 4883 6714 7923 12959 16155 16186 16217 
32 161 475 1886 5201 
32 39 413 830 851 1012 1072 2135 2879 3091 3867 4316 4890 11840 13288 
39 48 1668 1966 2654 5097 
32 39 48 53 79 243 342 397 398 438 548 585 786 967 1060 2075 2254 2493 2792 3072 3276 3358 3926 3940 5243 9010 10132 
15 270 396 583 1130 1308 1404 2243 3447 3576 3774 11395 12375 13095 
39 48 1939 2800 2998 10943 12308 12925 
39 41 592 885 1014 1015 1517 1783 2241 2527 2967 4746 5458 7406 8691 
3873 6879 
596 662 1588 
32 38 39 56 555 725 1214 4418 
39 48 227 593 768 1361 5162 7989 9304 10923 11560 11840 
12069 
670 1867 13258 
38 39 48 185 390 529 677 14804 
32 39 41 48 147 251 338 438 750 878 1026 1183 1293 1297 1911 2440 2517 3196 3501 4804 5421 7671 8858 8977 8978 
32 39 16010 16011 
26 32 39 623 703 1619 
32 39 1018 2359 3393 3486 9426 
39 
39 48 2845 3969 4804 5489 6966 7975 11937 14136 
12 32 39 48 101 430 812 1232 2399 2540 2656 3467 4513 6518 6752 10917 
3922 
39 48 156 637 10698 10720 
48 
103 6128 
38 55 170 11114 
38 39 41 105 251 264 414 592 824 993 1578 2243 2470 2764 2975 3265 4552 4945 4947 6382 8590 9061 9194 9729 11607 
695 4779 6705 10540 
39 175 2792 
39 71 1004 1934 2173 2186 
38 48 286 319 533 820 875 1135 1897 3000 3270 3316 3504 3509 4843 5282 5535 6276 8135 13556 15798 15832 
31 39 48 89 101 592 762 2900 3550 4932 6638 9072 14849 
